1
2
3
4
5
6
7
8
9
10
11
12
13
14
15
16
17
18
19
20
21
22
23
24
25
26
27
28
29
30
31
32
33
34
35
36
37
38
39
40
41
42
43
44
45
46
47
48
49
50
51
52
53
54
55
56
57
58
59
60
61
62
63
64
65
66
67
68
69
70
71
72
73
74
75
76
77
78
79
80
81
82
83
84
85
86
87
88
89
90
91
92
93
94
95
96
97
98
99
100
101
102
103
104
105
106
107
108
109
110
111
112
113
114
115
116
117
118
119
120
121
122
123
124
125
126
127
128
129
130
131
132
133
134
135
136
137
138
139
140
141
142
143
144
145
146
147
148
149
150
151
152
153
154
155
156
157
158
159
160
161
162
163
164
165
166
167
168
169
170
171
172
173
174
175
176
177
178
179
180
181
182
183
184
185
186
187
188
189
190
191
192
193
194
195
196
197
198
199
200
201
202
203
204
205
206
207
208
209
210
211
212
213
214
215
216
217
218
219
220
221
222
223
224
225
226
227
228
229
230
231
232
233
234
235
236
237
238
239
240
241
242
243
244
245
246
247
248
249
250
251
252
253
254
255
256
257
258
259
260
261
262
263
264
265
266
267
268
269
270
271
272
273
274
275
276
277
278
279
280
281
282
283
284
285
286
287
288
289
290
291
292
293
294
295
296
297
298
299
300
301
302
303
304
305
306
307
308
309
310
311
312
313
314
315
316
317
318
319
320
321
322
323
324
325
326
327
328
329
330
331
332
333
334
335
336
337
338
339
340
341
342
343
344
345
346
347
348
349
350
351
352
353
354
355
356
357
358
359
360
361
362
363
364
365
366
367
368
369
370
371
372
373
374
375
376
377
378
379
380
381
382
383
384
385
386
387
388
389
390
391
392
393
394
395
396
397
398
399
400
401
402
403
404
405
406
407
408
409
410
411
412
413
414
415
416
417
418
419
420
421
422
423
424
425
426
427
428
429
430
431
432
433
434
435
436
437
438
439
440
441
442
443
444
445
446
447
448
449
450
451
452
453
454
455
456
457
458
459
460
461
462
463
464
465
466
467
468
469
470
471
472
473
474
475
476
477
478
479
480
481
482
483
484
485
486
487
488
489
490
491
492
493
494
495
496
497
498
499
500
501
502
503
504
505
506
507
508
509
510
511
512
513
514
515
516
517
518
519
520
521
8705
523
524
525
526
527
528
529
530
531
532
533
534
535
536
537
538
539
540
541
542
543
544
545
546
547
548
549
550
551
552
553
554
555
556
557
558
559
560
561
562
563
564
565
566
567
568
569
570
571
572
573
574
575
576
577
578
579
580
581
582
583
584
585
586
587
588
589
590
591
592
593
594
595
596
597
598
599
600
601
602
603
8787
8788
606
607
608
609
610
611
612
8800
614
615
616
617
618
619
620
621
622
623
624
625
626
627
628
629
630
8820
632
633
634
635
636
637
638
639
640
641
642
643
644
645
646
647
648
649
650
651
652
653
654
655
656
657
658
659
660
661
662
663
664
665
666
667
668
669
670
671
672
673
674
675
676
677
8865
8866
8867
8868
8869
8870
8871
685
686
687
688
689
690
691
692
693
694
695
696
697
698
699
700
701
702
703
704
705
706
707
708
709
710
711
712
713
714
715
716
717
718
719
720
721
722
723
724
725
726
727
728
729
730
731
732
733
734
735
736
737
738
739
740
741
742
743
744
745
746
747
748
749
750
751
752
753
754
755
756
757
758
759
760
761
762
763
764
765
766
767
768
769
770
771
772
773
774
775
776
777
778
779
780
781
782
783
784
785
786
787
788
789
790
791
792
793
794
795
796
797
798
799
800
801
802
803
804
805
806
807
808
809
810
811
812
813
814
815
816
817
818
819
820
821
822
823
824
825
826
827
828
829
830
831
832
833
834
835
836
837
838
839
840
841
842
843
844
845
846
847
848
849
850
851
852
853
854
855
856
857
858
859
860
861
862
863
864
865
866
867
868
869
870
871
872
873
874
875
876
877
878
879
880
881
882
883
884
885
886
887
888
889
890
891
892
893
894
895
896
897
898
899
900
901
902
903
904
905
906
907
908
909
910
911
912
913
914
915
916
917
918
919
920
921
922
923
924
925
926
927
928
929
930
931
932
933
934
935
936
937
938
939
940
941
942
943
944
945
946
947
948
949
950
951
952
953
954
955
956
957
958
959
960
961
962
963
964
965
966
967
968
969
970
971
972
973
974
975
976
977
978
979
980
981
982
983
984
985
986
987
988
989
990
991
992
993
994
995
996
997
998
999
1000
1001
1002
1003
1004
1005
1006
1007
1008
1009
1010
1011
1012
1013
1014
1015
1016
1017
1018
1019
1020
1021
1022
1023
1024
1025
1026
1027
1028
1029
1030
1031
1032
1033
1034
1035
1036
1037
1038
1039
1040
1041
1042
1043
1044
1045
1046
1047
1048
1049
1050
1051
1052
1053
1054
1055
1056
1057
1058
1059
1060
1061
1062
1063
1064
1065
1066
1067
1068
1069
1070
1071
1072
1073
1074
1075
1076
1077
1078
1079
1080
1081
1082
1083
1084
1085
1086
1087
1088
1089
1090
1091
1092
1093
1094
1095
1096
1097
1098
1099
1100
1101
1102
1103
1104
1105
1106
1107
1108
1109
1110
1111
9299
1113
1114
1115
1116
1117
1118
1119
1120
1121
1122
1123
1124
1125
1126
1127
1128
1129
1130
1131
1132
1133
1134
1135
1136
1137
1138
1139
1140
1141
1142
1143
1144
1145
1146
1147
1148
1149
1150
1151
1152
1153
1154
1155
1156
1157
1158
1159
1160
1161
1162
1163
1164
1165
1166
1167
1168
1169
1170
1171
1172
1173
1174
1175
1176
1177
1178
1179
1180
1181
1182
1183
1184
1185
1186
1187
1188
1189
1190
1191
1192
1193
1194
1195
1196
1197
1198
1199
1200
1201
1202
1203
1204
1205
1206
1207
1208
1209
1210
1211
1212
1213
1214
1215
1216
1217
1218
1219
1220
1221
1222
1223
1224
1225
1226
1227
1228
1229
1230
1231
1232
1233
1234
1235
1236
1237
1238
1239
1240
1241
1242
1243
1244
1245
1246
1247
1248
1249
1250
1251
1252
1253
1254
1255
1256
1257
1258
1259
1260
1261
1262
1263
1264
1265
1266
1267
1268
1269
1270
1271
1272
1273
1274
1275
1276
1277
1278
1279
1280
1281
1282
1283
1284
1285
1286
1287
1288
1289
1290
1291
1292
1293
1294
1295
1296
1297
1298
1299
1300
1301
1302
1303
1304
1305
1306
1307
1308
1309
1310
1311
1312
1313
1314
1315
1316
1317
1318
1319
1320
1321
1322
1323
1324
1325
1326
1327
1328
1329
1330
1331
1332
1333
1334
1335
1336
1337
1338
1339
1340
1341
1342
1343
1344
1345
1346
1347
1348
1349
1350
1351
1352
1353
1354
1355
1356
1357
1358
1359
1360
1361
1362
1363
1364
1365
1366
1367
1368
1369
1370
1371
1372
1373
1374
1375
1376
1377
1378
1379
1380
1381
1382
1383
1384
1385
1386
1387
1388
1389
1390
1391
1392
1393
1394
1395
1396
1397
1398
1399
1400
1401
1402
1403
1404
1405
1406
1407
1408
1409
1410
1411
1412
1413
1414
1415
1416
1417
1418
1419
1420
1421
1422
1423
1424
1425
1426
1427
1428
1429
1430
1431
1432
1433
1434
1435
1436
1437
1438
1439
1440
1441
1442
1443
1444
1445
1446
1447
1448
1449
1450
1451
1452
1453
1454
9649
9650
9651
9652
9653
9654
9655
9656
9657
9658
9659
9660
9661
9662
9663
9664
9665
9666
9667
1474
1477
1476
1479
1478
1475
9668
9669
9675
9677
9678
9676
1488
9673
1490
9674
9684
9685
9686
9687
9679
9680
1498
9682
1500
1501
1503
8441
1512
1516
9713
9714
9715
1530
1533
1541
1561
1563
1570
1575
9771
1580
1581
9774
9773
9772
1596
1597
9789
9790
9791
9793
9794
9792
9796
9797
9798
1607
9799
9800
9801
1611
9795
1613
1615
1616
1619
1621
1623
1624
1625
1626
1627
1638
1639
1643
1644
9837
1647
1648
1649
1650
1652
1653
1660
1662
1663
1664
1665
1666
1667
1668
1669
1670
1671
1672
1673
1674
9869
9870
9871
9873
1682
1683
1684
1685
1686
1687
1688
1689
1690
1691
1692
1693
1694
1695
1696
1697
9883
9884
9887
9888
9894
9889
9890
9892
9893
9895
9898
9899
9902
9900
9913
1735
10032
10033
10034
10035
10036
10037
10038
10039
10040
10041
10042
10043
10048
10049
10050
10051
10059
8530
10151
10152
10153
10154
10155
10156
10157
8531
8532
8533
8534
1982
1983
1984
1985
1986
1987
1988
1989
2002
2005
2006
2007
2009
8542
2022
2023
2024
2025
2032
2038
10231
2040
10232
10233
10235
10236
10237
10238
10234
8222
2049
10242
2043
2051
8549
2054
2052
8550
2060
2061
2062
2063
2064
2065
2066
2067
2068
2069
2070
2071
2072
2073
2074
2075
2076
2077
2078
2079
2080
10271
2081
2082
2084
2083
2085
2086
2088
2087
10273
2042
8555
2093
2094
2095
2096
2097
2098
2099
2100
2101
2102
2103
2104
2105
2106
2107
2108
2109
2110
2111
2112
2113
2114
2115
2116
2117
2118
10306
10309
10307
10310
2123
2124
2125
2126
2127
2128
2129
2130
2131
2132
10321
10324
10326
10328
10329
10330
10331
10327
10333
10332
10334
10335
10337
2146
2147
2148
2149
10338
10336
2145
2144
2039
8552
10357
2171
10363
10364
10365
10367
10368
10369
10370
10371
2181
2182
2183
2184
2185
2186
8553
2193
2194
2195
2196
2197
2198
2199
2200
2201
2041
2205
2206
2207
2208
2209
2210
2211
2212
2213
2214
2215
2216
2217
2218
2219
2220
2221
2222
2223
2224
2225
2226
2227
2228
2229
2230
2231
2232
2233
2234
2235
2236
2237
2238
2239
2240
2241
2242
2243
2244
2245
2246
2247
2248
2249
2255
2256
2257
2258
2259
2260
2261
2262
2263
2264
2265
2266
2267
2268
2269
2270
2271
2272
2273
2274
10469
10470
2285
2286
2287
2288
2289
8606
2342
2343
2344
2345
8608
8609
8560
8610
10555
10556
10557
10558
10559
10560
10561
10562
10563
10564
8611
2374
10567
10568
10569
10570
10571
10572
10573
10574
10575
10576
2380
10577
10578
10579
8614
8621
8622
8623
8624
8551
10709
10710
10711
10712
10713
10714
10715
10716
10717
10272
10769
10770
10771
10772
10773
10774
10775
10776
10777
10778
2142
2143
522
10837
10838
10839
10840
10841
10842
10843
10844
8246
2667
2668
2669
2670
2671
2672
9875
2680
2681
2682
2683
2684
2685
2686
2687
2688
2689
2690
8675
10304
10303
2695
2696
2697
2698
10305
2702
2703
2704
2705
2710
2711
2712
2713
2714
2715
2716
2717
2718
2719
9877
2724
2725
2726
10311
2730
2731
2732
2733
2734
2735
2736
2737
2738
2739
2740
2741
2742
2743
2744
10314
10315
10316
10317
10318
10319
10320
10970
10971
10972
10322
10973
10974
10323
2793
9880
10325
10989
10990
2796
8700
8701
9881
8702
8703
8704
8706
2844
8554
8707
8708
8709
8710
2871
8715
8716
8717
8718
8719
8582
8720
2913
9885
8583
9886
8584
2963
2973
2975
2985
8585
2988
2989
3002
3004
8586
3017
604
605
3045
8262
613
8266
631
8783
8785
8786
8789
8790
8791
8792
8793
8794
3352
3353
3354
3355
3356
3357
3358
3359
3360
3361
3362
3363
3364
3365
3366
3367
3368
3369
3370
3371
3372
3373
3374
3375
3376
3377
3378
3379
3380
3381
3382
3383
3384
3385
3386
3387
3388
3389
3390
3391
3392
3393
3394
3395
3396
3397
3398
3399
3400
3403
3404
3405
3406
3407
3408
3409
3410
3411
3412
3413
3414
3415
3416
678
679
680
3426
3427
3428
3429
3430
3431
3432
3433
3434
3435
3436
3437
682
683
3442
3443
3444
3445
3446
3447
3448
684
3455
3456
3457
3458
3459
8840
3520
3521
3522
8841
3523
3524
3526
8842
3525
3532
3533
3534
3535
3536
3537
3538
3539
3540
3541
3542
3543
3544
3545
3551
3552
3553
8847
8848
3558
3559
3560
8849
8853
8854
8855
8856
8857
8858
8859
8860
8861
3623
8862
8863
8864
8612
8872
8873
8874
8613
8876
8877
8878
8288
8879
8880
8881
8882
8883
8884
8885
8886
11948
681
11955
2379
8893
11980
8894
11982
8895
8896
8898
8908
8909
4000
4001
4002
4003
12197
12198
12199
4009
4010
4011
4012
4013
4014
4015
12206
12207
4021
4023
4038
4039
4040
4041
4046
4047
4048
4049
4050
4051
4052
4053
4054
4055
4056
4057
4058
4059
4060
4061
4062
4063
4064
4065
4066
4067
4068
4069
4070
4071
4072
4073
4074
4075
4076
4077
4078
4079
4080
4081
12274
12275
8303
4084
12276
12277
4082
4083
4094
4095
4096
4097
12291
12292
12293
12294
12295
12296
12297
12298
12299
8304
12301
12302
12303
12309
12310
12311
12312
12314
12315
12316
12317
12320
12321
12322
12323
12324
12325
8305
4134
12326
12327
12328
12329
12330
12333
12334
12335
12337
12339
12341
12342
12343
12344
12345
12346
12347
12348
12349
12350
8306
12351
12352
12354
12355
12356
12357
12358
12359
12360
12353
12361
12362
12363
12364
12366
12365
12372
12373
12374
12375
12376
12377
12378
12379
12380
12381
12382
8974
12383
12384
12386
12387
12388
12389
12390
12385
12391
12392
12393
12395
12394
12400
12404
8979
8980
12414
12415
12416
12417
8981
12418
12419
12420
12421
4223
8983
12430
8984
8985
4247
8986
12449
12450
4260
8988
4262
4261
8989
4267
8990
8994
12251
8995
12252
8996
8997
8312
8998
8999
9000
9001
9002
9003
9004
4345
9005
9006
9007
9291
20763
4380
4381
4382
4383
4384
4385
4386
4387
4388
9292
20765
4396
4397
4398
4399
4400
4418
4419
4420
4421
4428
4429
4435
4436
4437
4438
4439
9025
9026
4456
4457
4458
9027
4464
4465
4466
4467
4468
4469
4470
4471
4472
4473
4478
4483
4484
4485
4486
4487
9033
4488
4490
4489
9034
20880
20881
4500
4501
4502
4503
4504
4505
4506
4507
4509
4510
4511
4512
4513
4514
4515
4516
4517
4518
4519
4520
4521
4522
4523
4524
4525
4533
4534
4535
4536
4537
4538
4539
4540
4541
4542
4543
4544
4545
4546
4547
4548
4549
4550
4551
4552
4553
4554
4555
4556
4557
4558
4559
4560
4561
4562
4563
4564
4565
4566
4567
4568
4569
4570
4571
4572
4588
4589
4590
4591
4592
4593
4594
4595
4596
9053
9054
9055
9056
9057
12806
12807
12808
12809
9058
9059
8324
4629
9061
4633
4634
4635
9062
9063
9064
12838
12839
12840
9065
12841
12842
12843
12844
9066
12845
4656
4657
12846
9067
9068
4665
4666
4667
4668
4669
4670
4671
4672
4673
4674
4675
9069
9070
4676
4677
4680
4681
4682
4683
4684
4685
4686
4687
4679
4732
4738
4739
4740
4741
9083
9086
22112
9087
4760
4761
9088
9089
9090
9091
9092
9095
9096
9097
4814
4815
4816
9098
9099
9100
4221
4222
13084
13085
13086
13087
13088
13089
13090
13091
13092
4898
4902
13095
13096
4899
4900
13099
13100
13101
4901
13103
13106
13107
13108
13109
13111
13116
9122
9123
9124
9125
9127
9128
9129
13189
13190
13191
13192
13193
13194
13195
13196
13209
22167
22168
22169
22170
9145
22171
9146
9147
9148
22174
9149
22175
9150
22176
22177
9153
9154
22180
9155
22181
9156
22182
9157
9158
9159
22185
9160
22186
9161
9162
9163
9164
9165
9166
9167
9168
9169
9171
9172
9173
9174
9175
9176
9177
9178
10302
9179
9180
9181
9183
21653
21654
21655
21656
21657
21658
21659
21707
21708
21709
10308
21817
21818
21819
21827
21828
21829
21830
21831
21832
21833
21834
21835
21836
21837
21840
10312
21860
21861
10313
9251
1112
9253
9254
22001
9258
9260
9262
9264
9265
9267
9271
9272
9273
22088
22089
22090
22091
22092
13907
22100
22104
22105
22106
22107
22108
9279
22109
22110
22111
22113
22114
9280
22115
22116
22117
22118
9281
22119
22120
22121
22122
9282
9283
9284
9285
22140
22141
22142
22143
9286
22144
13953
13954
13955
9287
13959
22145
22146
22147
9288
22148
9289
9290
13974
13975
13976
13977
13978
13979
13980
13981
13982
13983
13984
13985
13986
22172
22173
13989
13990
13991
13992
9293
9294
22178
22179
22189
22183
22184
22192
22193
22194
22195
22187
22188
9309
9310
14074
14075
14076
14077
9311
14078
9312
22280
9313
22281
22282
22283
9314
9315
9316
22300
9317
22301
22302
22303
9318
9319
9320
22320
9321
22321
22322
22323
22324
9322
9323
9324
22340
22341
22342
22343
22344
9325
22346
22347
22348
22349
22350
22351
22352
22353
22354
22355
22356
22360
14169
22361
22362
9331
9332
9333
9334
9335
9336
22411
9340
22420
9341
22421
22422
22423
22424
9342
22426
22427
22428
22429
9343
22430
22431
22432
22433
22434
9344
22437
22435
22436
22440
9345
9346
9347
9348
9349
9350
9351
9352
22480
22481
9353
9354
9355
9357
22520
22529
9363
22533
9366
20764
22552
22553
22555
22556
22557
22558
9369
22566
9370
22567
22568
22569
22570
9371
22571
22572
9372
9373
9374
9375
9376
9377
22645
22646
22665
9391
22682
22683
22684
22685
22686
22687
9394
14499
14500
14501
14502
14503
14504
14509
14510
14511
22425
9400
9401
14562
14564
14565
14566
22759
22760
22761
14621
14729
14730
14750
14760
14761
14772
14773
14774
14805
14806
14807
14808
14809
14810
14812
14813
14814
14815
14816
14817
14818
14819
14820
14821
14822
14823
14824
14825
14827
14829
14830
14831
14832
14833
14834
14835
14836
14837
14838
14839
14840
14841
14842
14843
14844
14845
14846
14847
14848
14849
9475
14929
14930
9510
9511
9512
9513
9514
9515
9516
9517
4678
15469
15470
15471
15472
15473
15474
15475
15476
15477
15478
15507
15508
15509
15510
15511
15512
15513
9609
9610
9611
9612
9613
9614
9615
9616
15620
15621
15789
15790
15809
15810
9670
15889
9671
15890
15892
15891
9672
15897
9681
9683
4897
8112
8113
8132
8152
8153
8154
8155
8156
8157
8177
8183
8190
