8
9
11
25
27
33
35
37
39
41
43
64
65
77
83
86
87
94
101
114
118
124
125
126
129
131
132
134
154
156
160
161
164
176
185
190
203
205
213
215
224
229
237
240
243
251
252
255
261
263
268
269
278
281
282
283
285
291
292
295
299
303
312
314
321
334
336
337
341
344
349
351
355
360
363
364
372
376
378
383
386
387
390
391
401
403
404
410
412
413
415
417
418
421
427
430
432
447
457
459
462
473
474
475
476
491
492
493
494
495
496
498
499
501
502
504
505
511
512
514
516
520
522
523
530
532
538
542
546
566
568
570
581
584
585
589
592
594
597
598
603
607
609
616
617
621
625
631
633
636
638
640
644
645
654
661
662
663
667
668
672
676
683
684
688
690
696
709
710
726
738
739
743
744
747
752
756
763
771
776
781
782
789
798
799
802
803
808
809
810
811
819
824
826
828
832
834
837
838
842
843
847
848
852
868
869
873
876
887
892
894
898
900
901
903
909
922
929
932
934
937
938
943
949
954
961
964
968
969
972
993
998
1007
1013
1016
1020
1044
1045
1046
1047
1054
1055
1064
1079
1088
1089
1099
1107
1108
1109
1110
1117
1124
1125
1135
1143
1154
1159
1162
1172
1177
1178
1185
1200
1202
1203
1208
1229
1231
1232
1234
1237
1238
1240
1241
1250
1256
1257
1259
1260
1266
1272
1277
1282
1287
1294
1295
1301
1305
1309
1313
1317
1320
1337
1338
1345
1348
1350
1362
1364
1371
1372
1374
1375
1380
1394
1404
1408
1414
1417
1437
1438
1439
1450
1456
1459
1460
1462
1469
1470
1481
1483
1494
1518
1527
1534
1538
1539
1548
1551
1553
1557
1565
1567
1568
1570
1572
1574
1575
1576
1583
1586
1590
1598
1599
1607
1621
1622
1627
1631
1635
1648
1649
1657
1658
1660
1667
1668
1670
1672
1684
1701
1704
1707
1708
1720
1723
1726
1735
1750
1751
1752
1755
1762
1764
1765
1771
1776
1779
1781
1788
1800
1813
1818
1821
1823
1824
1825
1826
1849
1850
1851
1855
1857
1858
1866
1867
1868
1877
1879
1881
1884
1892
1896
1905
1906
1911
1912
1913
1915
1919
1922
1923
1925
1941
1951
1952
1960
1961
1962
1963
1965
1972
1977
1980
1981
1983
1989
1992
1993
2003
2010
2019
2020
2021
2026
2033
2035
2041
2042
2044
2048
2053
2058
2070
2071
2075
2082
2087
2092
2095
2106
2115
2118
2125
2131
2132
2136
2140
2146
2147
2148
2151
2156
2157
2161
2163
2165
2174
2175
2178
2180
2182
2192
2197
2207
2210
2213
2216
2220
2222
2225
2229
2230
2231
2233
2238
2242
2245
2252
2253
2258
2259
2263
2265
2269
2271
2273
2278
2279
2284
2286
2288
2291
2293
2297
2302
2309
2311
2312
2315
2319
2323
2325
2334
2339
2340
2343
2344
2352
2354
2370
2372
2392
2393
2396
2402
2403
2415
2416
2420
2421
2425
2431
2433
2435
2440
2451
2453
2460
2469
2471
2481
2487
2489
2490
2491
2492
2493
2494
2495
2497
2498
2501
2502
2509
2513
2518
2519
2533
2535
2537
2538
2555
2567
2569
2570
2572
2575
2581
2582
2586
2589
2591
2603
2604
2607
2614
2620
2625
2628
2631
2634
2636
2642
2643
2646
2653
2655
2661
2662
2663
2664
2678
2688
2691
2697
2701
2703
2711
2714
2718
2719
2722
2725
2737
2738
2740
2743
2755
2762
2764
2766
2770
2772
2774
2775
2776
2784
2786
2787
2794
2800
2801
2802
2816
2817
2819
2830
2831
2839
2842
2848
2856
2859
2864
2865
2866
2876
2882
2887
2888
2895
2898
2900
2902
2922
2923
2924
2932
2933
2939
2942
2955
2957
2958
2959
2961
2964
2968
2969
2972
2975
2976
2981
2985
2989
2993
2994
2997
2998
2999
3002
3003
3007
3026
3027
3029
3039
3042
3061
3065
3066
3067
3069
3080
3083
3088
3089
3091
3097
3098
3100
3109
3115
3128
3135
3142
3149
3157
3159
3171
3175
3177
3188
3189
3195
3198
3203
3206
3207
3208
3215
3233
3235
3242
3245
3250
3252
3253
3256
3259
3260
3262
3266
3267
3272
3274
3275
3277
3278
3280
3282
3283
3296
3300
3307
3311
3312
3315
3320
3321
3322
3323
3327
3331
3334
3336
3343
3345
3346
3348
3352
3353
3362
3371
3377
3381
3386
3390
3391
3392
3395
3403
3404
3405
3408
3410
3413
3417
3431
3432
3434
3435
3436
3441
3445
3455
3456
3457
3463
3465
3466
3467
3476
3483
3485
3487
3494
3497
3499
3502
3506
3507
3508
3511
3514
3515
3521
3530
3539
3545
3553
3559
3567
3572
3573
3582
3586
3587
3601
3609
3614
3618
3620
3622
3629
3634
3640
3645
3657
3684
3687
3688
3690
3693
3694
3700
3708
3727
3731
3738
3744
3746
3747
3749
3751
3755
3759
3761
3763
3764
3766
3768
3771
3772
3778
3787
3788
3790
3791
3797
3799
3812
3815
3816
3817
3828
3829
3834
3835
3837
3843
3848
3853
3860
3861
3862
3863
3866
3867
3870
3872
3873
3879
3881
3886
3890
3892
3899
3904
3905
3908
3910
3912
3921
3929
3932
3933
3937
3939
3961
3967
3968
3970
3978
3982
3983
3988
3992
3999
4004
4006
4012
4013
4019
4032
4040
4042
4049
4052
4061
4062
4071
4072
4073
4074
4076
4079
4087
4088
4089
4096
4103
4104
4127
4132
4137
4139
4145
4159
4162
4163
4164
4165
4168
4172
4174
4179
4185
4207
4209
4220
4226
4227
4229
4230
4239
4241
4253
4255
4262
4263
4267
4270
4286
4291
4292
4294
4302
4315
4331
4333
4337
4341
4342
4354
4358
4359
4361
4366
4369
4372
4375
4379
4381
4388
4389
4390
4393
4403
4412
4413
4417
4425
4426
4433
4436
4440
4446
4452
4453
4457
4461
4466
4475
4483
4498
4510
4511
4516
4518
4519
4520
4524
4542
4546
4547
4551
4553
4557
4562
4563
4573
4574
4576
4582
4584
4587
4588
4590
4592
4594
4595
4604
4605
4607
4621
4622
4625
4627
4635
4637
4638
4640
4642
4644
4646
4650
4651
4653
4654
4658
4659
4662
4663
4665
4666
4667
4675
4681
4685
4690
4691
4693
4695
4698
4703
4713
4722
4724
4730
4737
4760
4761
4767
4785
4786
4800
4813
4817
4819
4820
4830
4837
4839
4842
4846
4848
4859
4863
4865
4867
4872
4873
4874
4876
4877
4879
4881
4884
4895
4896
4905
4915
4946
4953
4956
4958
4962
4966
4969
4970
4972
4981
4988
4997
5013
5027
5030
5031
5032
5035
5036
5048
5051
5054
5056
5078
5082
5086
5090
5093
5096
5103
5105
5116
5122
5130
5131
5132
5155
5159
5163
5166
5169
5171
5172
5176
5179
5193
5201
5202
5205
5208
5209
5212
5213
5222
5225
5231
5240
5245
5246
5250
5254
5259
5265
5267
5274
5295
5306
5310
5328
5331
5332
5335
5347
5354
5361
5363
5368
5369
5385
5386
5387
5388
5389
5400
5407
5409
5414
5417
5418
5419
5422
5423
5429
5431
5432
5433
5435
5440
5442
5444
5453
5459
5460
5462
5467
5468
5469
5471
5475
5482
5491
5494
5517
5527
5529
5535
5537
5541
5554
5558
5560
5565
5567
5572
5574
5576
5580
5583
5590
5593
5597
5599
5605
5607
5614
5625
5628
5633
5638
5642
5645
5650
5652
5653
5656
5657
5660
5662
5663
5673
5683
5684
5687
5695
5697
5700
5705
5711
5712
5717
5719
5734
5736
5741
5744
5745
5752
5753
5760
5767
5774
5776
5777
5778
5779
5781
5785
5788
5807
5810
5813
5818
5819
5832
5833
5834
5851
5853
5859
5863
5869
5870
5873
5879
5894
5899
5919
5922
5927
5941
5942
5944
5947
5950
5954
5956
5962
5966
5976
5984
5987
5999
6001
6005
6006
6008
6010
6012
6022
6023
6027
6028
6029
6030
6032
6036
6038
6043
6048
6053
6057
6069
6074
6084
6090
6093
6096
6098
6102
6105
6108
6110
6125
6129
6131
6135
6144
6154
6173
6174
6183
6186
6191
6192
6205
6212
6214
6215
6217
6218
6222
6225
6226
6227
6230
6232
6235
6236
6250
6252
6259
6267
6270
6278
6279
6287
6292
6294
6295
6297
6298
6304
6306
6307
6308
6309
6311
6312
6315
6317
6322
6325
6326
6327
6345
6346
6364
6368
6369
6371
6375
6376
6386
6388
6397
6400
6405
6407
6409
6410
6411
6419
6421
6422
6427
6442
6453
6455
6459
6460
6461
6462
6476
6480
6482
6487
6495
6500
6501
6502
6504
6507
6511
6513
6514
6517
6526
6535
6547
6568
6576
6577
6578
6584
6593
6603
6605
6606
6607
6609
6610
6614
6615
6621
6626
6627
6632
6640
6646
6647
6652
6656
6661
6666
6667
6694
6695
6697
6700
6712
6722
6723
6727
6731
6741
6746
6751
6752
6753
6754
6756
6758
6760
6764
6768
6776
6778
6782
6785
6792
6797
6805
6814
6815
6826
6828
6845
6849
6854
6857
6858
6860
6862
6863
6866
6869
6876
6879
6880
6886
6910
6911
6912
6914
6916
6918
6931
6932
6935
6938
6939
6941
6948
6950
6952
6953
6962
6964
6969
6974
6978
6979
6980
6984
6989
7003
7012
7014
7015
7016
7021
7022
7023
7028
7045
7046
7047
7057
7058
7060
7061
7062
7064
7067
7073
7074
7076
7079
7083
7087
7090
7093
7095
7104
7109
7110
7116
7131
7137
7143
7155
7164
7170
7174
7175
7178
7179
7181
7183
7187
7189
7190
7211
7214
7219
7223
7224
7225
7228
7233
7236
7238
7239
7247
7249
7251
7253
7258
7259
7267
7269
7270
7275
7278
7283
7288
7289
7292
7294
7295
7296
7297
7302
7307
7308
7310
7313
7322
7329
7337
7341
7345
7355
7365
7369
7398
7401
7417
7431
7432
7438
7439
7443
7446
7449
7455
7457
7469
7473
7478
7484
7487
7492
7493
7495
7501
7505
7507
7508
7511
7517
7525
7531
7532
7537
7541
7542
7543
7557
7568
7571
7583
7585
7586
7594
7596
7598
7601
7604
7605
7609
7611
7613
7617
7620
7629
7635
7636
7646
7649
7650
7651
7654
7655
7660
7662
7663
7666
7676
7679
7680
7681
7703
7704
7713
7717
7723
7724
7728
7730
7731
7736
7737
7744
7745
7750
7753
7756
7769
7772
7775
7778
7782
7783
