3408|2
5354|4
4088|2
499|4
6173|2
2042|3
2174|4
771|3
6030|2
33|2
492|2
7295|4
5944|4
2425|2
7110|2
2136|1
6941|4
2451|4
6609|4
6098|1
3988|4
3027|4
2273|4
1437|2
6226|4
688|2
1884|3
2939|4
1576|4
6093|1
5859|4
6758|2
1045|1
7058|2
3097|2
5212|1
213|2
3693|3
789|4
3507|3
6214|2
1394|2
4375|3
7073|4
3457|2
5941|1
1881|1
6307|2
4049|3
1337|4
292|3
6632|2
4547|2
894|2
161|1
3002|4
7131|2
4786|2
5734|4
7541|1
3311|1
802|2
4302|2
6455|2
6782|2
5469|2
2662|2
6911|3
803|2
6325|4
4905|2
6032|4
876|1
5705|1
3432|2
6876|2
7663|4
1124|4
6577|4
1952|1
4590|1
4510|3
566|2
1295|4
4785|3
4498|1
5331|4
4253|4
1362|4
3029|4
4239|1
7079|4
3970|4
5254|2
3514|2
5347|4
4369|2
7015|2
6880|4
3553|2
7251|4
4675|2
5767|4
2985|4
5054|2
2509|2
283|2
7775|1
1919|3
363|3
4573|3
6183|3
6695|2
7224|4
2494|3
5683|2
6815|4
903|1
2489|2
3195|2
1911|4
2319|3
3417|4
3749|4
4970|2
1266|2
2801|2
5032|2
5894|2
5776|2
3149|1
6144|1
3999|4
2302|3
4524|2
3189|3
1599|2
1866|4
2343|3
3744|2
5031|4
7022|4
5554|3
2420|2
2471|2
285|4
1117|4
1470|1
344|4
4071|2
5673|2
968|4
1762|1
5537|3
1684|2
5491|1
5388|3
64|4
2440|4
7557|2
4475|2
3142|2
6652|3
1282|4
2334|2
1548|2
709|4
1202|4
1494|4
2178|3
5453|4
4379|2
2955|2
7288|3
2053|3
2794|2
5527|2
6410|2
1374|4
5193|1
5166|4
3497|4
4286|2
7431|2
1781|4
3207|4
5922|2
7501|3
2156|4
6753|3
502|4
2591|4
6974|2
6462|3
6939|2
7289|2
11|1
7492|4
2895|2
3463|2
516|2
4074|3
5131|3
3937|4
6700|1
6309|2
1913|3
5208|2
2787|2
6614|2
4962|2
5176|2
2312|2
7438|3
4358|2
1879|1
1320|2
2192|2
6797|2
3761|4
5833|1
2157|4
6386|2
4174|1
2981|2
6869|2
7629|4
2664|3
2087|4
7189|4
6108|2
7611|3
514|3
4713|2
7750|2
5919|2
5409|2
5213|2
7355|1
869|1
6369|4
504|3
4846|4
6298|1
969|2
4842|2
6105|2
5788|2
4637|4
4076|4
7745|1
3982|4
1364|1
1055|2
4241|2
645|2
3455|4
473|4
3315|2
1951|4
3327|2
5684|2
2856|2
4042|2
1858|2
35|2
3067|2
2625|4
3502|3
7329|4
3386|4
3506|4
2582|2
2182|2
4172|1
6236|1
4690|1
3545|2
2175|2
3320|4
4737|4
383|2
4168|2
7568|2
4881|2
3198|1
7283|1
4681|2
6547|4
3688|1
2435|2
3727|2
3843|1
2026|4
25|1
1567|2
1575|3
2859|2
1896|2
7270|4
7737|2
1483|2
6217|4
2999|2
6069|2
4457|4
2957|3
589|1
6514|2
5572|4
1375|4
4604|1
2481|2
457|4
2421|2
5467|1
1667|2
312|3
7219|4
6656|3
6294|4
2555|2
5078|3
1250|2
118|2
7543|1
2151|1
5440|2
5810|2
2279|4
334|1
2819|4
1459|2
633|4
8|2
27|1
3873|1
1915|4
3515|2
5947|2
3275|3
3434|4
3296|2
4361|3
4584|1
6886|2
2071|2
4662|2
2755|4
4164|2
1649|4
1989|2
7104|3
998|2
2297|2
1851|3
3530|4
3159|2
6918|2
4230|3
538|2
295|1
3828|4
6388|2
5444|2
1380|2
2231|4
654|4
7782|4
3983|4
5956|2
6057|2
3967|1
4333|3
848|2
7016|3
3098|4
1229|1
5558|3
2163|2
1348|4
7190|2
7238|3
900|3
5663|4
929|3
1208|2
616|4
5752|2
2628|2
7275|2
3441|4
6215|1
2697|2
901|4
5462|4
4366|1
5482|2
2286|2
430|4
2148|2
2041|4
6731|2
303|2
1159|4
2092|4
1350|4
843|4
3353|1
7155|4
3100|3
6048|4
6935|2
3266|4
5130|2
938|3
4859|2
3272|3
954|2
4132|2
5245|2
964|1
7681|2
5976|4
2019|2
6345|2
3256|4
3381|2
6980|2
3511|4
7179|3
2082|3
4635|3
5122|4
6785|4
4867|3
190|2
4426|3
5035|3
2655|4
5633|3
2058|4
7525|2
6697|3
7307|2
1850|3
4966|2
2309|2
1972|2
799|4
3395|2
3208|2
4722|2
1648|1
7028|2
6090|4
4972|2
6694|4
1981|4
299|2
1200|3
4072|2
4012|4
1438|4
7045|4
6315|2
6778|2
6950|4
1237|2
7613|2
2131|2
1658|1
2293|3
7175|1
5169|2
6129|3
3334|2
2207|2
3881|4
1670|1
6805|4
1726|2
3508|3
2210|4
498|4
3772|4
7239|2
417|1
4698|1
7211|2
5460|4
1800|2
4061|4
763|1
3939|4
592|4
3483|4
2701|2
1668|2
2961|4
4760|2
7337|4
1701|2
5471|2
2118|2
2147|1
6326|4
3253|3
1857|2
3262|2
6768|2
1232|4
2989|2
6666|3
696|4
1707|1
134|4
2842|2
412|3
738|3
418|2
2959|2
1752|2
4958|4
2220|2
261|4
2498|4
2924|4
4255|3
668|3
1518|4
5832|3
2229|4
6912|1
7014|3
5171|4
6252|2
5274|3
5625|3
2258|2
5363|3
2737|2
7704|3
7278|1
972|1
2631|2
1439|2
5719|2
6862|4
1469|2
7596|1
4650|4
852|1
243|4
4863|4
4019|2
2048|2
6074|2
4425|4
5387|1
6916|3
495|4
2976|4
6053|3
2688|2
1776|2
2538|1
4594|4
3747|4
5652|4
3403|3
7345|1
5179|2
5222|2
2994|2
1309|1
5873|3
3274|2
126|2
7087|4
2259|2
522|2
1855|1
2010|2
1079|2
1404|2
5807|2
2238|1
2634|3
3587|2
7181|4
5225|4
475|2
7517|4
726|1
7601|2
3932|2
6858|1
6191|4
1064|2
3834|2
5590|3
5879|4
581|2
2975|2
3128|2
2663|2
1906|1
4542|2
6442|2
3404|4
3573|2
5777|4
2900|4
1125|2
1154|2
7095|4
5614|4
798|4
3175|4
4981|4
6607|2
6397|2
2603|4
4412|4
3904|3
5475|3
887|3
1456|3
4638|3
7772|2
6741|2
4127|3
4388|2
2642|2
6287|2
3259|4
2518|2
6135|2
2492|1
5093|1
4359|4
1551|3
6023|4
6932|4
4483|2
834|4
1305|2
7259|4
2567|4
1723|3
7047|2
5086|4
6605|2
1720|2
3853|3
961|4
6131|3
7609|3
314|4
2993|4
403|1
4520|4
1960|2
4895|3
4874|4
4817|1
6212|4
6225|4
6593|1
6306|2
4354|1
5700|1
7713|2
1313|2
3066|1
6910|2
1813|2
4667|4
6953|3
4663|2
667|4
690|2
7469|2
1007|2
2703|2
1672|4
1135|2
6863|2
4551|2
6661|1
5432|1
1481|4
4103|3
4693|4
3684|3
2245|2
1627|4
7003|2
3026|2
3622|4
570|4
6914|2
4052|1
4040|4
376|3
5984|2
7495|4
7537|2
598|1
1660|2
129|1
2020|1
6667|2
546|4
932|2
5717|2
1779|4
3252|4
5541|2
3431|4
6376|2
3494|4
1568|3
5027|4
7635|4
809|2
597|3
2035|2
7457|2
7302|1
3003|2
1016|4
7187|2
7296|2
7620|2
3157|2
5265|3
6012|2
1462|2
1013|2
2800|2
5567|2
5778|2
2942|2
7583|2
6984|2
7292|4
3115|1
663|2
4640|2
4884|4
39|2
3601|2
3061|2
3346|3
2620|2
1408|2
7322|2
6621|3
3572|3
3791|2
3879|4
5423|2
1821|4
6317|1
3280|3
1631|1
603|4
7660|1
6125|2
4767|2
1993|1
6346|2
1657|2
3645|4
7297|3
5580|3
752|2
756|2
739|2
5103|2
2393|3
542|2
4372|3
4337|2
3788|2
6327|4
2271|2
6304|1
4162|2
6751|2
523|2
2095|4
4627|2
5744|4
4666|2
5927|4
7225|1
281|2
131|4
496|2
5745|1
3282|3
2222|1
7178|2
3759|3
1417|2
5418|1
4440|2
251|2
7236|4
6964|2
4865|4
3245|4
5869|2
7223|4
934|1
6421|1
2519|4
6511|2
5950|2
2691|3
6409|3
2876|4
1992|1
6001|2
1983|1
7680|2
387|1
7723|3
1338|4
2513|2
6517|2
2766|2
4665|2
3657|4
5999|3
6978|3
1962|2
1020|2
1044|2
4879|4
5899|4
6568|3
1231|2
349|2
447|2
37|3
1826|1
2165|2
3816|4
7636|4
2762|3
1371|1
474|4
747|2
3567|2
5962|2
7736|4
3837|3
6250|2
6501|3
842|2
4006|4
3377|2
7449|2
2738|2
4032|4
6174|2
5155|1
3345|2
7604|2
1922|2
6375|2
355|1
1089|2
6027|4
6828|4
2764|1
2213|3
4159|2
2719|2
5116|2
5779|2
1317|2
360|2
87|3
4997|3
512|2
7728|3
114|4
6036|4
5105|2
7455|2
5172|3
3870|2
5687|2
1277|1
2323|1
7651|2
5645|3
4270|1
5607|2
5813|2
391|2
3277|4
2646|4
3260|3
5132|1
3861|1
3371|2
4062|3
1607|2
3405|2
2197|3
132|2
2146|2
86|3
4165|1
3755|1
4642|2
341|1
2269|2
459|3
3278|3
684|4
6507|2
3410|2
6453|2
4588|4
6460|1
203|1
1877|4
6411|1
2653|4
3476|4
5638|4
4595|2
7650|4
255|2
4956|4
4848|4
7703|3
3933|2
6322|2
5013|2
2589|3
5597|3
6110|2
2344|1
4342|2
5422|4
594|4
824|4
7164|4
7617|4
7269|2
3899|1
1109|4
6292|3
5736|1
6504|4
1107|2
808|2
6845|3
5560|4
1941|2
6422|3
2502|2
176|2
530|4
4433|3
3392|2
7365|4
511|2
6311|4
898|4
4207|4
5697|4
744|4
4813|3
2415|2
6297|4
2865|2
1238|4
520|2
3435|1
4837|4
993|4
5583|2
1234|3
386|2
638|3
6764|4
7021|3
2569|4
2581|4
868|2
1892|1
661|4
5389|3
7439|4
1178|2
6615|2
6854|4
3042|1
3465|3
1046|2
1977|4
3778|2
5529|2
7753|2
5760|2
3738|4
1965|4
826|2
5205|2
6722|4
2725|2
2535|4
7731|2
892|3
9|2
263|4
7532|2
7258|2
1771|2
832|2
4461|1
3763|4
5163|4
6005|3
6502|3
5246|1
7310|2
4413|3
125|2
7398|2
4819|3
3634|2
6407|2
4341|4
4592|2
390|2
6860|1
7676|2
5599|2
3267|4
164|2
5565|2
4654|2
776|4
7586|1
4953|3
3866|3
1823|1
5818|3
2315|4
4139|1
585|1
3088|4
5267|3
4946|2
4417|1
4381|2
2839|2
1824|2
6270|2
4104|4
4262|2
7143|2
1905|4
6931|3
2469|2
909|2
2533|4
676|4
4876|1
4582|4
4466|2
2370|1
2786|4
7730|2
7369|4
7308|2
3797|3
1203|2
3171|3
6495|4
7717|2
7062|1
6610|3
6989|1
6948|2
6969|2
6006|2
6603|1
1172|1
494|1
5414|4
7249|2
4389|2
6102|2
7473|3
3867|2
1867|3
6278|1
5781|2
4453|2
5954|2
5819|1
1980|4
2902|4
532|4
378|2
2998|2
4145|1
7341|2
6776|4
2743|4
5987|3
6186|2
3978|2
4839|2
4546|4
568|2
1635|4
617|2
6584|4
3618|2
6427|2
1259|3
1818|2
2864|3
6232|3
160|4
252|2
1110|4
1764|2
5535|4
7646|2
2033|3
43|1
3766|2
7417|4
2772|1
4227|4
291|4
6578|2
5431|4
5653|4
7214|2
7228|4
7083|4
2263|2
1450|4
491|2
1574|2
838|3
1750|2
7594|2
1534|2
4607|2
7046|4
2722|4
3312|4
5250|2
7012|2
4563|1
7493|1
2572|4
7067|2
2372|3
2923|3
847|2
237|2
949|1
3390|4
2161|2
6419|2
837|2
5851|4
4587|2
7267|4
1590|1
3091|2
372|4
683|4
6640|2
3391|3
5368|1
5385|3
224|3
2431|4
501|4
7508|2
3250|2
7507|2
77|4
2021|3
3413|2
6576|2
1622|1
6754|4
3929|2
2714|4
3083|1
7654|2
2291|4
5657|4
7542|2
644|3
6535|4
6295|2
1765|3
6526|3
4622|3
7090|2
5332|2
7662|2
5201|3
5240|2
1553|2
3694|2
3890|2
1143|1
2831|2
2501|1
5656|2
1256|3
185|3
5417|2
6461|1
2678|4
6727|4
4691|2
2887|2
3089|4
6480|4
3323|1
4185|3
229|3
6879|2
2882|2
811|3
2216|4
6222|2
1572|2
2922|2
321|4
4073|1
3609|2
4511|4
2493|3
3539|3
4079|4
4089|4
7137|1
1788|1
6029|3
5429|2
1257|2
4830|4
5642|3
7060|3
2958|2
6043|3
640|2
2570|4
3203|3
364|1
7571|4
2964|4
922|2
2453|2
2740|2
4518|2
3521|2
3905|2
4576|2
5231|1
3215|4
6938|2
6010|2
5433|2
1294|4
6312|2
6746|2
5159|1
7505|3
5966|2
3559|3
337|2
493|4
1088|1
6814|3
7778|1
7313|3
1598|2
7769|2
154|3
3700|2
2614|3
1538|2
5310|3
4013|4
3908|2
2354|2
631|2
1849|4
2044|1
6979|1
3233|4
3863|1
2972|2
7294|2
7666|2
3336|3
1868|4
7116|2
1586|4
3812|1
7247|3
7487|1
2433|2
7174|3
6235|4
83|2
4872|1
609|4
3764|4
3751|4
4820|2
2288|2
2816|4
5361|3
7783|1
6230|4
3992|2
2604|2
432|4
6038|4
6487|2
6476|2
3456|2
4896|2
3467|2
3921|2
5711|4
2402|2
4436|1
2866|3
4446|2
6028|2
1557|2
278|4
7511|4
7605|1
6364|4
7443|4
156|2
6513|1
2490|2
3640|4
1963|4
7170|2
5695|2
2774|4
2817|2
7061|1
1460|4
1925|2
2233|2
1260|2
6756|4
4651|1
662|1
6008|2
6606|4
2898|4
6500|4
1539|3
710|4
2495|4
5435|3
2075|4
6866|2
5660|2
7093|2
2711|4
6400|2
2607|1
2718|3
413|1
2140|2
4393|2
7109|2
6279|2
4685|2
3892|2
3206|3
2125|2
3586|1
1241|4
2997|4
401|2
3445|4
5650|2
4605|4
5306|3
4877|2
1923|2
4761|4
584|2
5048|2
3436|1
625|2
873|2
1099|1
6084|2
2132|2
5082|2
3362|3
4969|4
2340|1
2661|2
415|2
3835|1
3065|4
5202|4
3235|2
3331|2
937|4
4695|4
2284|4
5712|3
101|4
4574|4
7531|2
5605|1
2933|4
6792|4
6205|2
7478|2
6267|4
4179|2
743|2
5442|2
4294|2
4646|3
6218|4
7446|3
2830|3
404|4
269|2
5036|2
7253|2
6723|1
4004|4
1570|2
1047|4
3790|4
410|4
7023|4
4403|3
2003|2
6482|4
3912|2
2575|2
2225|4
7057|1
1825|2
1621|3
7484|2
6712|3
3069|2
2253|2
3343|2
5407|4
2278|2
4519|4
5628|2
3466|4
5574|4
4915|2
3968|1
2180|3
2888|2
1177|3
5853|4
205|2
5096|4
4516|2
2325|3
4263|2
1912|1
1755|1
476|4
7064|4
3872|2
1527|2
3746|2
7233|2
2115|2
240|4
3039|3
3283|2
2968|2
4800|2
2586|2
4229|4
4163|2
7183|2
3787|2
1054|2
4226|3
4988|1
4703|2
5259|1
3499|2
3629|1
4137|2
5741|4
4220|4
2252|2
6368|4
5209|4
3815|4
6371|4
621|2
3848|4
3886|1
607|2
782|4
1704|2
5942|2
2339|2
3817|3
6459|1
94|1
268|1
5051|4
1583|2
351|2
672|2
7679|4
2403|2
3862|2
6760|3
6627|4
5295|3
41|2
3708|1
4553|2
2265|2
1287|4
6647|2
4562|2
2352|2
4452|4
2537|1
4625|4
6227|2
5328|3
6826|4
3188|3
4730|2
5090|1
4291|1
3768|3
2636|2
2460|2
2497|3
6626|2
5662|2
3177|3
7756|2
5419|4
2487|2
1708|3
4557|2
4659|3
1372|3
7724|3
2396|2
3910|2
4267|2
781|4
2776|2
5753|4
3300|3
810|2
4087|2
2311|4
1272|2
5517|2
5369|2
3582|2
5834|4
462|1
3242|4
2242|2
3135|2
4724|2
7074|2
2969|3
6154|2
2070|4
2643|2
4096|4
6752|4
3771|2
2802|1
505|3
2491|4
5863|4
6022|4
6646|3
828|2
6962|2
4390|4
6308|2
4653|2
3731|4
4209|4
2932|2
1961|2
7649|3
4292|1
3322|2
3080|4
427|4
1162|2
282|4
7076|3
4658|2
3321|2
943|1
2106|4
2784|1
6857|2
5400|3
336|1
5056|2
819|2
5576|3
5593|2
65|1
4315|3
2848|2
1301|3
3352|4
1751|4
3007|1
2392|2
6096|4
1240|4
6952|4
2230|4
5386|4
5785|2
3485|2
5494|4
5468|4
5335|2
1565|1
3307|1
6192|3
1185|1
7744|2
3860|3
124|3
5459|2
3348|2
3829|4
421|1
3109|3
6849|2
4873|2
7401|3
1735|2
3687|2
5030|2
3487|4
2770|3
7432|2
4644|2
6405|1
1108|4
215|2
1345|3
3690|4
2416|3
7598|2
3961|4
7655|2
636|2
3620|4
5870|2
6259|2
3799|3
5774|4
4621|1
7585|3
2775|2
4331|3
3614|2
1414|2
