26624
22531
24579
22535
22536
22537
24586
24587
20762
26637
24588
18449
26641
24599
26648
22554
22556
22557
22558
22559
22560
22561
24609
24611
22562
22565
26662
24607
24616
24617
26661
24619
24620
24621
24622
22566
22569
24618
22582
22589
24639
22595
24647
24651
24652
24654
24657
24658
24665
22620
22621
24669
24670
24668
24675
22628
24677
22630
22631
24678
22633
22629
22635
20588
20589
24684
20587
22634
22632
24686
24683
22637
22636
24694
24695
22645
26752
22657
26756
24711
26760
22665
24714
26763
26761
22669
24718
24717
24720
24721
22673
24723
24719
24725
26767
24727
24736
24737
24744
22709
22710
22711
22712
22713
22714
22715
22716
20669
22718
22719
20667
22721
22717
22720
24772
26822
24777
24780
20684
24783
26908
24790
24791
22744
24793
20699
24799
24801
24802
22755
26851
24805
22758
22759
22760
22761
22762
22763
22764
24810
22766
22767
24812
22769
24818
22772
20725
22774
22775
22776
22777
22778
12540
24829
26881
26882
24833
24836
26883
22799
22800
24849
22807
22808
22809
22810
24859
24860
22813
24862
24863
24861
24865
24866
22815
22820
22821
26910
26915
22854
22826
22827
22828
22829
22830
22831
22832
24881
22834
22835
24884
22836
24880
24887
26928
22833
22842
24890
26940
22845
24894
24895
24896
22850
22851
26948
22853
24902
22855
24901
26953
24906
24898
22860
26956
22861
24911
12623
24912
22869
22874
22876
22877
22878
22880
24929
22882
22883
22884
22885
20839
22888
22889
22890
24941
22894
22893
22896
24946
26995
22900
22901
22906
22907
22909
16769
24961
16771
16772
16773
16774
24965
24967
24969
16777
24971
24972
24973
24974
24970
20879
24977
24975
26946
27030
27031
22940
22941
24988
27039
24993
24994
22948
24997
22950
22951
22949
25000
22956
25005
22960
22961
25014
22967
25018
22974
22977
25026
16835
25027
22980
22982
22983
22984
25033
25031
25029
25036
25028
25039
16854
23000
23001
23003
25058
23011
23012
23013
25061
23015
27107
23017
25065
27111
27121
23026
25076
25078
25081
25082
23038
23039
25088
23041
23040
23042
23044
23045
23046
27143
25096
25097
23050
25099
25100
25101
16910
23055
25103
23057
23058
23059
27147
23056
25110
25112
25113
25114
23065
25117
25118
25119
16928
23073
25122
23075
23076
27165
25126
23078
23081
27181
23088
27185
23090
23091
23093
23094
23095
23097
23100
23103
23105
27201
25153
27202
25157
16973
23118
23119
27216
25169
23124
23125
23126
23128
25178
25183
25184
23137
23136
25185
23140
23139
25186
23141
23144
23146
23147
25196
23151
23153
23154
25203
25204
23157
23158
23159
23162
25211
25212
19070
23169
23170
25222
25223
27273
23177
25228
27278
23183
25230
23185
23186
25236
23190
23195
23198
23202
23203
23206
23207
24966
23214
25265
25268
24968
23222
23223
23224
23225
23226
25277
25279
23232
23233
23234
23235
23237
23238
23241
23242
23243
23245
25295
23248
23249
25296
25299
23251
24567
23254
25300
23256
23257
23258
23259
23261
25310
23262
23264
25313
23266
23267
23268
23265
23270
23271
25318
25321
27013
23276
25325
23282
23283
27378
27380
27379
23288
25339
23295
23296
21250
23299
23300
25348
23302
23303
23304
25353
23305
23308
23309
23310
23311
23313
23314
23315
23316
23322
23324
23325
23326
23328
23329
23333
23336
23343
23345
23347
23348
23356
23360
23361
23362
23367
23368
23370
23374
23375
23376
23382
23387
23391
23392
23393
25442
23395
23396
23397
25446
25439
23400
23401
25453
25456
23423
23424
23432
25490
23445
23446
23447
23448
23449
24606
23453
23454
23455
23457
23459
23462
23463
25514
23466
23469
23470
23471
25522
23477
25526
23479
19383
23480
23483
23485
23486
23487
23488
23489
23492
25542
23495
25544
23494
23498
23512
23514
25563
25564
25565
25567
25568
21475
25573
23532
23534
23535
25584
23537
23536
23539
23540
25585
23542
23543
25592
25593
23544
19452
23558
25608
25609
23562
23561
23560
19468
25620
25625
23578
23579
23580
25628
23584
22191
23588
25636
23590
23591
25638
23594
23595
24228
23597
25647
25648
25649
24229
25651
24230
23603
23606
25656
23610
23611
23613
23614
23615
25664
25665
25666
23620
25672
23625
23626
23627
23628
19533
17493
25686
25685
23640
23644
23646
23647
25697
23649
23651
23650
23652
25702
23655
15464
25704
23653
23659
25711
25712
26277
25715
25716
23669
23670
25723
23676
23677
25726
23682
25730
26281
15494
25735
23688
21640
25738
23690
23689
21643
25747
23700
25748
23702
23703
23701
23705
25756
23712
23713
23714
23715
25764
23718
21671
25769
25771
25772
23724
25774
25776
23729
23730
23731
25780
23732
23734
25782
25779
25787
23741
21696
23745
21698
23752
25812
23766
23767
23768
23769
25820
21727
23776
21729
21730
25827
21728
23780
25830
23788
23789
23790
23791
23792
23793
21744
23796
21753
21757
23807
23809
23810
25861
21766
23815
24679
23826
23829
21789
21794
25896
23852
25903
21814
23862
23865
25914
23871
25098
25928
23888
23890
23892
23895
23896
23897
23898
21851
21852
21854
21855
25950
21859
23908
23916
21870
23919
23920
23931
21885
15741
23938
23939
23940
23941
23942
25999
26000
26003
23959
23963
23967
26016
26017
23972
21925
19878
23974
21931
21934
21935
23982
23985
26035
26036
26037
21943
23991
23994
23997
23999
19903
15810
19911
21965
21966
24015
21968
26065
26067
24020
19925
19926
24021
21978
24028
21981
24030
24031
24032
24033
24036
24037
26085
24038
24039
24041
24042
26091
26092
26093
24046
26089
24047
26097
26107
26113
24069
22021
22024
22025
24076
24077
24078
26124
24080
23263
24079
26133
26134
22038
26135
22041
24090
24091
24092
24093
24094
26143
26136
26151
26152
26154
26164
26165
17974
26167
26174
26177
22081
26180
22084
22085
22086
24136
22089
26190
26193
26197
26198
26201
26203
22108
22109
26206
26205
26208
24165
22118
24167
22122
18031
24181
26232
26233
24193
24194
18051
26243
26245
26242
24196
26248
26249
22154
24204
22159
26256
22161
22164
24213
22170
26267
22171
22173
24222
22174
24224
24225
22177
22178
24226
22181
24227
22183
22184
24233
22186
24234
24231
24236
22190
22188
24232
24235
24242
22195
24243
24244
24237
24246
22200
22202
22203
22204
24250
24254
26303
22208
22209
22212
22213
22214
22215
22216
26312
26308
26317
22222
26324
24277
26331
26332
26333
22238
24283
24286
20194
22243
20196
22246
22249
26346
24300
24301
24303
24305
24306
24310
22263
26360
26361
24320
26372
22283
26379
22285
24334
22284
24335
24332
24333
26391
22296
22297
22295
24348
24349
26400
24353
20258
20259
26403
20261
24357
24356
22311
26412
24365
24366
18223
26419
26422
26423
24376
26428
26434
26435
16195
26443
22349
22350
26449
26451
26452
26454
26461
26462
22367
22366
22382
24432
24433
24434
22385
24435
22389
22390
22391
24437
24445
24446
24447
22408
22409
24457
22412
24461
24462
22418
24468
24470
24472
24474
24475
24476
24478
22433
22434
24482
24481
24483
24487
24491
24492
22445
24494
24495
24493
24497
26544
22447
20408
22458
26555
24508
24514
24515
26564
26565
22473
22474
24523
26569
24521
24526
24527
26856
20433
26579
24532
26581
24536
24537
24539
24540
24541
26590
18399
24545
22502
24551
24552
22506
22507
22509
22510
18413
16366
24561
24562
26610
24563
22518
22519
22520
22521
