1
2
3
4
5
6
7
8
9
10
11
12
13
523
15
16
17
18
14
21
22
23
24
25
26
27
29
32
33
34
35
36
39
40
41
42
43
45
46
47
48
49
50
51
52
53
54
568
569
570
58
571
61
62
63
64
65
576
67
574
69
70
582
577
581
74
75
76
77
78
79
80
81
82
83
84
85
86
596
88
598
90
91
92
93
94
95
96
97
98
99
100
613
101
103
608
105
106
1641
104
612
110
614
163
165
166
172
173
174
177
181
184
186
192
196
197
198
202
203
204
206
212
213
214
216
217
218
220
222
223
224
226
230
231
233
238
240
276
277
278
279
280
281
282
283
284
287
288
289
290
292
293
294
295
296
297
298
299
300
301
302
303
304
305
306
307
308
309
310
311
312
313
314
315
316
317
572
319
318
321
322
323
324
325
326
573
327
320
331
332
333
334
575
336
338
339
340
343
344
345
346
578
350
354
579
356
355
358
359
360
580
362
363
361
365
366
367
368
370
371
373
583
375
376
378
584
585
385
386
387
388
389
586
391
392
393
587
390
588
589
590
591
592
593
594
595
597
599
600
601
602
603
604
605
606
607
609
610
