190464
43011
204805
190473
139279
157715
155667
110619
135204
155691
106539
53296
186417
124983
20542
172096
124998
190536
81993
61522
71764
86102
82008
47199
63593
59507
57462
57464
196729
61560
139386
155773
65681
100500
151701
202900
22684
151709
145580
55469
45230
180401
192691
215224
12475
209085
49343
217281
73923
92356
61644
61648
65755
61663
32994
106727
131303
151785
196842
61675
61682
157943
157947
157951
137473
184578
178438
209158
215324
61733
14630
155955
180534
203062
63798
47424
129363
149848
63846
201065
156015
182647
182662
201098
176528
188817
178576
47513
108958
182698
215467
92589
174522
12731
160189
190912
156096
94661
127430
145861
82377
156124
70108
119267
133612
195059
104950
76283
133636
59910
133642
133645
156179
94741
59926
174613
133660
64034
197158
133671
62000
209457
186930
215601
59965
139837
76359
182861
164431
76373
156253
203363
174692
215652
107112
141931
189038
76398
184944
111214
209522
189043
156276
184951
182910
152191
55938
156294
156298
62092
62094
156302
158357
152213
47771
205495
119489
125637
191175
185040
45778
156373
121559
178907
156390
129776
199411
84725
215798
201465
199419
125693
144127
125696
209665
140031
125699
215811
101125
129794
215815
66316
183053
152332
125711
125714
82711
70424
197401
125720
125723
195362
142119
185132
156463
185137
213813
195387
213821
82752
84805
136006
160583
195405
213837
185171
97111
117592
183129
129880
185179
68444
140123
185175
185183
211807
156514
183141
74599
64362
86897
154481
156534
156541
45950
197511
217991
170896
201624
215968
93089
88997
215974
138181
166862
183247
216019
109523
164819
46038
74712
216031
54240
166881
115683
166889
97258
134122
54254
183281
160757
162807
201720
60427
72721
166937
107550
209952
128034
195619
154692
171078
154696
132169
177226
154700
171086
154704
154708
132181
64596
201813
175192
144473
210014
171102
154720
156771
152676
185448
146539
89199
152692
177273
154746
60541
216190
156812
138381
68751
138389
197785
74907
85162
154794
11436
175284
95419
183485
93389
140498
95449
93404
179421
138464
210146
152805
111849
152809
179436
158957
68849
95478
216314
95483
156925
95490
128258
72964
148740
97541
171271
128264
111881
216331
142609
87315
216342
113943
171288
187671
187675
154909
187679
79137
154914
107812
216358
130347
216366
91443
73018
87356
210245
116041
181580
187729
97620
187737
130394
95578
23907
193903
185714
181618
157045
89480
36238
21910
116132
208295
157095
208301
52660
52662
122298
136659
120291
56804
187876
202217
159216
128501
81398
196087
62974
198145
138753
52749
146963
196116
175637
192022
126487
153110
202264
65054
157216
210473
60973
196142
183856
101937
63025
24116
112188
155200
65090
130627
157254
81479
155208
202313
175686
91727
138836
91733
204374
157278
157294
157310
124551
167560
185992
124565
165526
194235
114377
114383
114386
57045
177877
134872
190168
57051
57053
153311
157408
98016
196323
194276
57061
169701
155366
159465
12013
75503
157428
192247
192252
63234
100099
190212
173836
192269
190226
118561
163621
153388
186158
210735
157494
155450
210746
198459
159550
132927
163647
98116
157514
202574
98130
161620
98133
116567
98136
116571
188257
51048
61291
171884
161646
157551
96113
53106
188273
71543
208762
157570
120710
190352
120721
139155
173971
87957
157590
65431
139161
190364
192413
190368
190373
157611
180140
49070
49076
65461
171961
120762
157628
190403
157638
135115
161739
190411
155601
190421
165849
159706
116703
135136
116706
215010
135142
165867
116723
42999
176120
92153
143356
