122880
172036
204804
196613
122887
172039
204807
188426
196615
180235
204811
196622
204810
196616
221194
188438
221206
204824
180249
221210
188441
196636
196632
188446
204830
172066
221225
180268
196653
221230
196652
196658
221237
131127
131128
196663
131131
131133
196669
221246
188480
180289
196673
180291
204872
188488
221258
172106
172105
172104
221260
188493
188496
188498
188500
196693
221270
188504
188515
180328
139368
221292
122990
221298
122995
221301
204918
188534
196726
155768
155770
188539
155772
196735
172160
123010
196738
172168
221320
196747
180372
180376
180377
196765
172192
221348
180388
188583
213164
172205
196788
204980
196791
180408
180411
221372
172221
180416
180417
131269
221381
131271
196807
172233
131276
196812
172236
131279
205008
196817
131282
196818
180430
180437
196821
205013
221394
213207
213201
188637
221406
196831
196832
213217
180449
196838
172262
221416
180456
196843
172271
180464
196848
172274
196850
172276
180469
131318
221424
167756
196857
172282
205051
221437
205054
196862
205056
180481
180485
205063
123147
180496
123152
205076
180501
172312
205081
221464
205080
123166
172319
172318
123167
188703
172323
196895
180510
180518
188710
188712
196904
221483
180523
123182
205106
180531
188724
196916
196917
196919
180536
196920
180542
196926
221511
180555
180557
139597
180562
139605
221527
196951
221530
221531
188762
221533
188766
221535
172384
221537
123234
172387
172388
188773
123238
180582
172392
180576
172385
196972
221553
196979
172404
147829
172403
188791
172408
221559
221560
221563
188795
98683
196990
205182
221567
123265
221564
205185
221569
172421
221574
123278
197006
221584
172432
180632
188827
221598
221599
188835
180644
172455
180648
172457
172460
180654
172465
180668
180669
106948
172485
180678
228041
221640
172486
221642
188875
180683
147917
147918
172495
221648
188881
188879
197074
221652
172501
197069
172504
188889
221657
197082
197081
180702
213472
213473
197092
188900
90597
188903
123368
131561
131562
221673
123372
131565
123373
221671
188911
197098
180722
221684
180729
180730
172539
197116
197113
180734
221694
197119
197115
221689
172547
221700
221704
197129
175952
221709
197134
172560
197136
197142
180759
221721
131609
188955
131612
197147
172575
188961
180841
172580
172581
180772
123431
123435
172587
188973
172590
180783
188976
205358
123442
205361
197175
180796
221757
221759
221761
221762
180802
172610
180805
180804
197188
197186
221769
221767
197197
197200
180816
197202
221779
189012
205392
189009
189008
221784
221785
205402
205404
221789
221790
221792
205409
221793
139873
205412
213606
172648
213608
180840
221800
172652
213612
221806
98923
205416
221809
139889
180851
189044
197234
221814
180856
213626
189050
180859
172669
172670
221823
189053
221825
213634
221827
205443
221831
221832
213639
221841
180883
189076
221845
205465
213661
205470
131743
180897
221858
205475
131748
189093
197289
221865
180907
197292
221866
205485
205487
221872
221868
221871
205491
189099
205489
205494
205496
221881
172730
180923
189116
180925
156345
180926
180930
221891
221892
139971
189131
172747
131787
205516
180943
189136
189137
172755
180948
197332
197334
180950
205529
205531
197341
189149
197345
180961
221923
197348
197349
221925
197352
221929
140010
197355
205548
140011
221936
140017
172786
140018
205553
180982
140023
221942
221944
140026
205566
221953
180994
221955
205576
221960
205579
172813
205581
197391
184145
197393
197394
197395
172820
205586
205590
123671
172817
221978
205595
205596
123677
123676
172830
123679
221979
221986
172834
189214
181024
140071
181032
181033
205610
189225
205608
172839
221995
221999
148274
222003
222004
222005
205622
181043
222008
222009
205624
180433
181055
172864
172865
205633
172867
222020
222016
222017
205637
140104
205640
181066
205645
172881
197457
222034
181078
172888
222042
181083
172891
181085
222047
181088
172897
181092
181093
181096
222057
74601
172906
222065
181106
222067
181108
205685
222070
205686
181112
189301
172917
181115
189303
181111
172926
222079
222071
181121
181122
222083
189315
197509
197507
222088
172940
222093
189324
172943
172946
148370
172948
205722
181147
224878
197534
222111
222114
222115
82852
172965
172964
172967
222120
197542
197546
172971
205740
197547
189358
172975
181168
197550
181170
172979
197554
172981
222132
181176
181177
172986
222145
181186
189379
181188
181187
205768
205771
173004
181199
205776
132048
173011
181203
213976
173018
181211
173022
222175
173024
181217
181215
181222
205799
181224
189417
173033
181230
222192
222193
181234
189427
173044
222197
173043
205817
173049
205819
173052
181242
222208
181248
197634
173057
181257
197645
222221
197652
181269
189463
205851
173084
222238
173086
205855
189472
197671
197673
205866
222250
222253
214061
205872
205873
173106
181299
189491
173107
173110
205878
205877
181306
189501
181310
222272
181313
181314
181316
197702
181318
123977
173131
173133
181326
205902
181328
181329
205907
205909
173141
222295
222296
197721
181337
197723
222297
197728
181345
173154
173155
173157
205925
222311
173161
205929
181356
205933
222317
173167
222323
222324
181367
173176
181368
197754
197759
173184
222337
181381
181386
189580
173197
222350
132239
181389
197777
173203
222356
181397
181398
189591
222361
189594
222365
181409
222374
124073
173225
189609
173232
222385
173236
124086
222392
181433
222394
222395
173244
181436
189625
206016
181445
173255
189639
181450
206036
173269
206038
206040
206041
173274
173276
222428
206046
173279
140512
197857
206050
222432
206051
181478
173287
181480
206057
173290
197866
173293
222447
173298
222451
197876
222453
222455
181496
173308
173311
189697
222468
181511
181513
173322
173321
214284
173324
222477
181519
173328
214291
181524
197909
173333
189716
197912
222490
222496
214304
222497
222499
197924
206116
222502
222503
222504
181545
222506
206121
197932
206125
148782
181552
197936
181554
173362
222514
189749
197942
222519
206130
189754
173372
124221
222525
222526
197950
181569
124226
189760
214334
173381
173382
222535
189765
181577
222537
189771
197964
222541
214350
181585
124242
173394
124244
189781
197969
222551
197975
181593
189786
197971
173404
181597
124254
189790
214365
214369
181602
181605
197991
197290
222570
197997
214382
198000
181616
189810
222579
222580
189812
198007
222583
222585
198010
173435
173451
181646
173457
181654
181655
214423
222619
222620
181662
173471
189857
198051
181669
198053
214441
181676
222637
214445
124335
214449
124338
222643
181684
214453
184279
181687
214459
173500
124350
148927
173503
148926
124354
189890
173509
222662
173512
222669
173520
222673
222680
181728
181734
181735
181741
206318
173552
222707
206324
206325
189945
173561
181755
206332
222718
189951
189954
206339
206340
181766
206343
173575
181770
222731
189963
206348
189966
222738
222739
222740
181780
189974
173592
181789
198175
206367
206371
206373
173606
181798
189992
222761
198183
206379
181807
222767
75317
190006
222776
222777
214587
222780
206397
190014
222779
181825
190019
190022
181830
149076
214613
214614
173655
214615
206422
214619
181853
181854
190047
214624
190045
190059
222833
205484
173685
181879
190072
173690
190074
173692
173693
190076
181887
190077
222850
222851
124546
173701
181894
222860
222861
173708
198287
173712
222864
206482
206481
181903
173716
206486
222873
173721
173722
173724
181917
222876
198303
181916
214690
206499
214692
173733
190118
222884
181928
206501
181930
181931
100009
181933
222886
214705
173746
173747
173748
206513
173752
198329
173755
198331
190139
190145
190146
214723
173764
214724
214726
173767
181960
214729
190154
173771
181964
214733
190155
214736
173778
190163
173780
198356
206547
214743
206551
173784
190167
173787
206553
222941
222942
206557
206560
222945
190177
190180
181993
206570
181997
198382
190193
198386
206578
206579
206581
206583
198393
190203
190204
198397
173822
190207
190206
198400
182018
96421
182020
222981
190214
190215
206592
190217
198410
173831
182028
190220
190222
222989
198416
185976
198418
182035
173844
182039
182040
223001
182042
198424
173848
173853
190234
190241
182050
173859
182052
223012
190246
198438
173864
124713
190248
190251
223011
206637
124718
198447
173871
223025
206634
190261
223030
182071
182072
182073
190266
198457
223033
223037
190269
173887
182077
182075
182082
198468
182085
223046
190280
182088
223050
182090
173900
206666
182093
206671
173904
223059
173908
173907
182105
173914
206683
206684
223071
182112
173920
173921
198498
182115
198501
182118
173927
182117
223074
223082
190318
173937
223089
173939
198514
173941
190325
173944
190330
190331
206717
182145
223106
182147
124802
182149
223111
182152
206730
190347
182161
182162
206737
198548
190363
198561
198565
198566
223145
190378
223147
214957
198574
190382
206768
223153
124850
198579
206770
214963
206774
206777
198586
198587
198588
174012
223166
206779
206784
223168
198594
200666
214980
120884
223179
223180
198606
223182
214991
223185
223188
100315
174046
223200
174049
182242
174051
215008
215012
182246
215015
174056
174060
182254
182255
223217
174067
206836
206837
190454
174070
223222
190457
165887
182273
223234
198659
174084
198660
174083
198664
223242
223246
206865
215057
174101
124952
206873
124956
182301
174110
206877
165919
174120
190507
174124
190509
165931
124976
182322
198708
174134
182329
174140
182333
182334
182332
198720
190525
174150
174153
198730
198729
174158
174160
125010
125012
165973
182359
182362
182365
125021
198751
174175
198753
165985
206947
182371
165988
182375
165992
182379
165998
182384
133233
133234
198771
166004
166003
198769
125047
182391
166009
223354
166007
181164
223357
223358
125056
190593
190592
198784
182404
198788
182406
182407
215175
182410
182423
198808
198810
190619
198812
174238
166048
223396
182437
190636
198829
166061
166068
223415
149688
174266
215230
223423
108734
174273
190659
190661
223430
215239
223432
182478
100559
223439
100562
100563
207060
182484
174294
182487
174296
190679
100571
100573
100574
182495
108768
182496
100578
190690
174306
190696
190697
125162
100587
182504
108781
182510
223471
223465
207089
207090
174330
207099
215290
190718
215299
182535
182551
108823
190744
190746
190752
223520
198946
198948
182565
182566
190759
207144
108842
223533
223534
149807
149810
182578
190770
223541
182582
223543
174388
190775
190782
182593
182594
223555
182596
223556
174402
166215
174407
174409
182601
182834
182605
182607
174417
174418
198995
190804
182613
198998
174422
182615
174426
182620
199005
199007
174431
223586
182626
174434
174437
207206
174439
199016
207211
207212
223596
182637
223601
174453
174454
223607
182649
174457
190843
190845
174464
174467
182659
182663
166281
182669
223633
174483
174484
137258
223636
199061
182680
215449
182682
182683
190876
223645
223648
174496
223655
223659
190893
223661
207278
92591
223665
182707
149939
199091
190904
182713
223674
182715
199101
174527
199104
199106
223683
133571
182726
133577
109003
133580
223691
133579
133583
174544
223693
133586
223699
215501
190925
190935
174553
174555
133596
174556
223711
182755
182756
223717
133606
199140
182757
190951
133607
125419
199147
125421
174575
125424
223730
125430
190968
223737
223738
199163
223740
223741
207354
174591
174594
223748
92677
174598
174601
199178
223755
223753
92685
199181
125455
174610
223763
125460
125462
174614
125468
199196
207392
199201
174626
92708
133669
92710
174631
174632
92713
182825
92717
223790
133679
92718
133681
199217
223795
174643
223797
174645
199223
92728
125496
125498
182839
199228
182845
125502
182846
199230
133699
199239
109128
92746
182861
223822
223821
199249
182868
199253
223831
207448
182871
199257
191070
92766
207458
207460
207461
207462
223846
174696
174697
125546
92779
223854
223855
191087
125554
125555
174712
125561
174714
125564
125565
125566
92797
92801
92802
182916
182917
92805
199303
223880
92807
182922
207497
223884
199309
92814
199315
174741
174743
199319
199325
199329
199330
174753
191140
125609
191145
125611
174764
174762
191150
191146
125617
174769
182964
174773
174774
174775
223928
191157
182967
207540
174780
182972
191166
191168
174785
174786
166595
207554
223941
174790
133830
182984
174793
223945
207557
207555
207565
199374
199375
223952
207569
199379
207572
182999
223960
207577
207578
199385
207580
215771
223966
174814
207583
183009
125666
174819
215780
174821
174822
223973
215784
183014
183018
183017
174828
174832
223987
174840
174845
174846
223999
224000
207615
199423
125700
224004
174858
174861
224013
224014
207635
183060
199447
183064
218747
183069
174881
150306
174882
224036
183075
174886
199462
199466
224047
76592
224049
224050
224051
183089
207670
199478
224061
207678
207680
224065
224066
207684
207688
207689
224074
199501
199507
174935
183128
183132
183134
183135
207712
207713
183140
207718
174950
183144
199529
174954
191339
199531
125804
125806
125807
199536
174959
199538
174962
174956
125817
224123
199550
224127
174976
199552
224128
174983
174985
224139
183180
224140
199564
183183
224144
199569
183188
191381
183189
224151
224152
199573
191386
183190
175006
183199
175008
166817
183202
199587
199588
199583
224168
199592
175018
183211
183212
175021
183214
224175
199601
166833
175028
125878
183223
199608
199609
183227
224187
183232
175041
125891
199619
192730
166858
183243
175052
224205
175058
224213
166869
166871
166872
166873
166874
175065
166876
166875
199641
125919
199648
199645
175074
224227
175076
175077
207844
175079
175080
224232
199652
183267
199660
183272
175086
183271
199665
207857
199668
207862
199671
166905
183289
216057
191484
216061
216064
224257
226934
175110
183303
224263
109579
183308
224269
224272
224273
226937
199699
150548
183318
175129
191513
224283
199708
199706
166942
199705
125984
125985
166946
183331
175136
183333
183334
175141
183336
125989
183335
175147
134188
183340
166955
207919
175152
109617
134192
142384
224300
183349
207925
175159
207927
166965
207929
224311
191548
191549
183358
117823
183359
183352
183362
191555
126019
126021
207942
199750
117830
126025
183368
183363
183374
199760
199761
183380
224340
142420
224345
117850
175195
224347
207965
183390
126047
199774
183393
224353
199777
216157
224351
175198
199784
175210
183402
224365
216173
191600
183410
199794
175218
224373
183413
175227
126075
183419
142462
175230
126078
191617
183426
175235
175239
117897
183433
183438
117904
175249
191633
183441
175250
175260
224412
183453
175263
117918
175270
117934
117936
183473
183476
183477
183479
175287
175288
175291
183484
175293
191678
183489
117956
191685
224454
183495
191688
191691
224459
126157
175313
224465
191700
175317
183511
175320
224473
175322
224475
175323
175325
150750
208094
208097
224482
150755
208098
191717
175333
175335
183528
216296
191723
150764
224491
224494
175343
224496
224492
224498
224499
150775
183543
175357
150783
167171
224517
126215
183560
224522
183563
126221
150801
183571
134420
126227
191764
183574
224532
224537
175386
224538
208156
224539
183584
199970
150821
183590
224551
208165
199973
190303
175404
208174
208175
150832
93490
224567
150839
208185
183610
183611
175415
208189
191805
199997
208191
183614
199994
208192
101701
183621
93509
208200
183625
183626
101704
183628
200010
200007
175439
183631
183633
200017
175437
224596
93525
183637
200023
200024
175449
200025
208212
208220
150880
175456
200032
175459
224611
183652
175463
175464
183655
200040
183659
175469
150897
208242
150899
150901
150902
183670
150903
134199
208249
126331
208251
175485
183676
175483
183680
175489
93568
183684
134533
126343
183687
175497
224650
167307
200074
200076
126349
183696
200081
200082
183697
183702
167319
167320
200087
200090
191899
175516
200095
200097
224675
200099
224677
183717
175527
200102
175537
200114
183731
167350
167351
183736
175544
200122
175546
183740
200126
175551
208320
200134
200136
200137
142795
142796
175566
175569
200146
183763
200147
200150
216535
118233
191963
175581
191965
191967
175584
191969
208350
183780
183790
93680
175600
175601
208368
175603
142835
175607
126456
134650
191994
142844
134652
200190
200191
200187
134657
200194
142849
175620
200197
208391
200199
183817
208395
142860
175629
208396
175632
208404
101909
142869
101908
208410
200220
175644
200224
175648
200227
192037
175654
175666
200242
175673
192058
134717
134719
101952
200256
200258
192064
175684
175687
200267
134732
93776
183896
175713
93794
183905
200293
192102
192103
200296
183915
224877
175726
175727
183920
200304
200306
142963
126574
200302
175729
200308
200312
175738
192124
183933
126596
183940
208518
118407
175752
183942
224907
183947
183951
142993
175761
183958
208535
208536
102040
118426
208544
208545
208546
183971
200356
102053
118438
208551
118442
183981
175791
192188
175806
175809
184002
184008
224970
175819
167626
118474
192208
184017
200401
184019
216787
175830
208600
200408
118490
224990
200415
200423
184040
184039
200428
175854
200430
175856
200440
184056
143096
118523
200445
192253
225023
225024
118529
167681
225027
200451
175877
200452
167687
208648
216839
167690
175883
175884
225037
175886
225038
200466
200467
175892
167701
192276
208663
167704
175895
208666
225051
225052
225055
208672
208673
184098
167719
126760
126759
192297
192299
175912
200490
184111
175920
167729
126768
200497
207558
184118
200505
184123
126782
175935
126784
175934
200514
216896
200517
118598
118600
118602
184138
225100
175949
118606
126799
200525
175953
175954
200531
225107
200533
175958
118615
200535
200537
184154
184156
175965
208734
200542
118624
225116
200548
200549
216932
225124
184169
200556
192364
216942
192369
167795
225140
184182
118647
200567
175991
184187
192382
192384
176001
192386
176003
184196
225155
176007
200583
176009
176010
208777
176012
184205
176014
176016
200594
176019
176020
176021
200598
176023
200595
167835
176027
192414
184223
200608
200609
192417
184227
184228
192415
184230
192416
225192
176041
184234
200616
184236
94125
176048
176049
200624
94129
176053
200629
176055
94136
200633
110521
126904
167868
192445
200639
176064
126911
200642
118723
200646
126918
167879
167880
176076
143308
143312
176084
143317
184276
118743
167896
167895
118746
167899
200663
176089
167902
176092
184288
184280
143330
176099
184291
176095
178286
176111
192496
184304
176113
184307
118772
184310
192505
184314
192507
184317
184319
192511
176131
176136
176138
184330
225290
225295
176143
176147
176148
184341
208918
184343
184346
184347
176157
184349
176161
184354
184355
77861
192550
200745
200751
184368
192565
176185
176186
184380
208958
192574
225343
208961
192580
225348
184390
184391
192583
168009
176201
176202
168015
225360
184400
192594
200783
184408
225372
192605
176220
176225
200802
110698
143467
212505
192625
127092
176244
184436
184439
176249
225402
176251
184443
192637
200826
176255
184448
184449
225408
127112
176265
184458
127114
192652
209038
184462
225537
151703
143515
209051
200863
209055
200866
209059
200870
176300
127152
184498
176307
200885
184502
225467
200891
127164
184510
200895
176320
176321
200898
200902
192712
168137
200904
168141
200911
200915
127187
176342
200919
176344
192726
200922
176347
168155
168157
200923
176348
184539
192737
184546
176354
184548
209121
184550
225511
192735
168171
184556
192747
200942
192749
168176
209136
192754
168181
184566
176379
168190
168191
168192
192769
168194
176382
200964
192770
184581
176391
184583
168201
184586
200967
184588
192780
168206
200971
176402
176403
200981
176407
184600
192792
192794
176411
200985
217369
200990
184601
176416
192793
192802
176420
192804
200999
217384
184617
143659
192812
223940
176430
201007
127281
201010
86323
176437
192823
176439
176441
184634
176442
201015
201024
176450
176452
176458
184658
176469
184663
176476
184669
184670
176479
127326
184673
176490
176491
184684
192878
209264
143728
127344
189761
184692
184694
184696
184697
192890
184700
225661
184708
184711
209287
192905
209290
184720
225680
168337
184723
184724
184725
201110
209299
201107
201113
188142
184737
201121
201122
184741
184750
184754
184756
184758
176568
184760
184761
201150
184772
184775
201160
176590
184786
184789
176598
201179
168415
176610
184803
193000
184811
193006
193008
193011
193012
209399
184824
176631
176635
176640
201216
201217
184835
184836
209411
184838
176647
209418
176654
225807
184848
184849
201234
119314
176664
184859
176668
168477
217633
176675
176676
168484
119334
201254
184873
176681
168492
184878
127535
225839
176689
201266
176691
201268
225843
225845
184887
127537
127545
184890
193083
201274
184889
184894
184899
184902
184903
176712
78409
119370
201286
225868
184909
201288
201287
184917
193110
176727
184920
176729
176730
176731
184923
184922
176728
119390
201307
127585
127583
193123
193119
193125
201323
176751
217711
197953
168563
217716
135798
184951
127941
176763
210981
209534
127617
184962
184963
168580
176772
209542
201348
201346
176778
184971
176780
193165
201360
176785
184978
168592
127636
225936
184982
225943
176792
184984
225948
184990
193184
193185
184994
225952
184993
225954
176806
176807
185000
176809
184999
225963
225964
185002
176816
225968
225969
225972
94900
201400
176825
185017
185020
193214
144064
176833
127684
176839
201416
201417
193223
193227
119500
225997
127687
201419
226000
201418
226002
226003
226004
176856
217819
226014
209632
119522
217826
176868
217829
119525
209636
209637
217833
217834
209643
201447
176877
176878
127727
217836
176881
226034
201460
201462
168695
201468
201469
176895
176897
201474
144132
185092
201478
217861
201481
226058
185103
176911
185105
176913
209683
193300
201492
217875
194730
201499
201501
209694
193311
209695
193312
168740
209702
193319
201512
209705
185130
127783
127788
201516
209711
119601
176946
185139
226097
168757
119606
144177
185144
201528
193338
176949
185152
119617
193346
193345
176961
185153
217926
185159
201543
217929
185163
168780
144208
201552
217940
185176
176985
201561
201565
185184
185186
168809
177002
226156
168815
226161
185204
185205
193399
217976
185210
193402
193404
201602
201604
185223
201265
193417
193418
177037
185232
127889
193424
193427
185236
193428
185235
193430
201616
127896
226204
127905
185258
185259
177080
193465
185274
119739
185276
185275
201663
185280
209856
209858
168899
201666
209861
185285
193479
185288
209864
185289
119755
193480
185293
201672
185295
201679
185298
209874
201682
202909
177111
201687
177110
193498
193502
226279
226282
168939
209902
177138
201714
185332
209908
185334
226293
201720
185333
201722
201724
127997
209918
193535
209923
185348
185350
209926
185353
185357
193549
168975
209939
177174
226326
185369
193562
185372
185373
191526
185379
193575
185386
193579
185388
193580
193582
201774
185397
185400
119865
193594
177211
185406
177214
177218
185411
209988
185413
128070
185415
193608
119879
226376
226375
201805
226385
193619
177235
193621
226389
201813
193626
177246
226399
193632
226398
193643
193647
226416
185458
177267
226420
193653
193656
185465
193659
201853
169087
193664
201855
193666
185472
185476
177284
193668
185478
201859
185481
185482
177291
128139
177293
185486
177295
193681
185489
193684
177300
185494
169111
193687
218260
169114
185493
193686
169116
227372
119967
169120
119969
193695
185507
185506
177317
193698
177326
177328
185524
136373
193718
169141
185525
177339
193723
177340
177342
185534
177345
185537
193732
169156
169160
169161
218315
185547
177357
169165
185552
185556
177364
185558
177366
193748
169177
120026
177381
226538
201964
201974
201979
185595
201983
193792
201987
169221
185605
201991
169224
103689
201993
201995
218379
218381
177422
201998
202002
202003
177426
177430
193814
193816
177433
226588
169245
202013
185641
193836
193837
193839
177459
177464
202040
185658
128316
128317
177469
218431
185667
177476
218435
218438
177479
177480
218440
185674
202059
210248
202053
177487
177488
218448
210258
169301
202073
177500
185693
202077
177503
218462
185698
226659
202084
218472
199733
185707
152946
177522
193908
218485
218486
169335
177528
169336
185722
185723
177532
202108
226686
193919
202114
185731
177542
193928
177545
177548
152973
169358
152976
177553
169364
193941
177558
177560
202142
226720
177572
120228
226726
185769
210346
202155
177580
226739
202165
177590
226741
185784
202169
218550
185788
185789
120254
185791
226748
210373
185799
210376
185801
185800
210379
226763
202189
185807
194000
202196
185813
177624
202201
177626
185819
120284
202205
202204
185823
226777
112092
202209
226787
120293
177637
169448
120298
177644
120301
120302
218605
177645
169455
218610
120307
177652
218614
120311
185849
226810
226811
202233
177661
194046
226815
120322
185859
185860
226818
226822
207905
226821
120329
120332
120333
177676
169487
177678
177682
120341
185887
202272
185889
128545
202278
144934
194087
202282
202286
218672
120369
202288
194099
194096
169528
177721
177724
207916
177729
120388
177734
120391
194118
177737
177744
202327
202329
185947
177759
194146
202339
177764
194149
136803
194147
136808
194152
177762
177771
185963
202349
185966
185961
194160
177777
136818
218739
185972
202357
218742
185974
136823
177783
194164
226939
177781
177786
177782
218751
177792
177793
185984
194179
202369
185987
120454
210566
226946
185994
210574
210576
210577
177809
177811
210579
218772
120470
218775
120472
218773
218776
218780
218781
120478
177823
218782
120481
226975
194211
177829
202405
120488
202410
186030
120497
194231
194233
169659
202434
202438
177864
120521
177865
227019
227017
202447
186065
177873
227027
202452
194261
227029
136919
136920
194264
227031
202457
194268
177885
177884
210654
177881
169697
210658
169700
202471
227047
186090
120555
177907
186103
227492
177915
136956
136957
177919
136960
136961
177921
136963
210687
202499
227078
136967
202507
136972
218894
218895
202512
227496
227089
202515
227092
218906
96027
218910
227104
177954
128804
227121
128817
177973
218940
137023
218948
137028
210757
169800
169801
137037
169808
202586
210779
218974
227167
145248
169824
210785
145253
145259
145260
218993
178036
210807
219002
227195
210811
210813
219007
219009
137090
178050
186244
178051
219015
186248
186249
137097
210823
227216
219028
145301
145303
186264
227223
145304
178072
145308
219036
112542
227230
186273
210852
186279
186281
227243
227244
178093
227247
219055
227249
227250
219059
186288
202671
186294
227254
219067
120764
137148
186302
227262
194497
219075
186307
227273
202697
227276
139610
186319
227280
202704
202706
227283
178133
219096
178138
186331
219100
194524
194527
178144
227297
120805
178149
178153
227306
227305
186347
227309
186350
202732
145393
178161
219122
219125
202744
202745
186362
186363
145403
186365
186366
202751
178171
178172
178178
227334
227335
224289
178188
186381
186382
169999
227341
227345
227346
219156
186389
186390
219159
219158
178199
178201
186395
178197
186398
227360
186403
186404
186405
137253
186407
202789
219177
145446
178215
186412
137260
202796
145452
120880
202801
186418
120881
145459
194613
120882
227374
145464
145465
137274
145467
178234
224299
186433
202818
178245
227397
219207
178246
186443
178254
186447
202833
194646
186455
194647
137305
178265
186460
186461
178269
186464
186465
137314
186468
202853
202854
120934
194660
227434
202859
202860
219244
194670
219242
137328
219249
186482
219246
219245
137333
137334
227446
227447
186489
96377
186490
96378
96375
227455
194688
186497
227457
186499
227462
227471
202895
120977
227474
96403
186519
186520
227480
194714
96412
186524
186526
178335
219295
211105
227490
178338
137380
178340
170146
137383
194722
170153
161961
227497
178348
194725
137390
178351
211120
219313
170161
227501
178356
194735
186550
96440
186552
211130
227513
202939
170177
227522
137414
219339
227532
219340
178382
137421
137424
178384
227536
219350
202969
170203
219356
178397
178396
227551
219363
219366
145640
227560
227562
227563
211182
137456
202992
219378
202996
219381
145660
219391
178432
178433
178435
178436
219398
194822
129290
194830
219407
219408
80145
186641
219412
186645
186646
178456
186650
219418
178460
178461
227613
211231
178469
178473
219437
219439
211252
219445
178487
178490
178491
145724
178494
219455
227647
219458
194883
194884
211269
227657
219470
178514
194898
219474
203096
178521
178522
227673
194908
203101
194910
227678
203099
227674
211299
227684
227686
211304
227691
211309
178542
219503
219504
203121
194930
194925
203124
145781
125040
178551
227701
194932
211322
145789
227715
186756
203140
203142
178569
203145
227725
219534
178575
227727
178577
194959
121235
211348
219541
203151
194967
121240
227737
227734
219547
227732
178589
178590
219551
170397
203168
219555
211366
194983
121256
203177
186794
211371
178604
178605
211374
211375
194991
194990
186802
203188
186807
219576
211385
170426
178619
203196
186813
203197
186816
186819
227779
203205
203206
186823
219592
211401
186826
195018
178636
178637
219597
203212
195024
227792
186834
178643
219603
203218
186842
186843
227803
211422
186847
186850
195043
219626
211437
227822
195056
203248
203250
186867
211443
178677
219635
219639
195064
203253
211450
227835
219644
178685
203261
203259
170493
219649
203266
186883
186884
186885
186886
203268
219650
186889
203272
203267
121356
178701
195085
219663
195088
203277
203282
178707
195092
203278
195099
178715
178717
121373
211487
203296
219681
178721
203299
219684
195105
219677
186914
219688
203298
178731
186924
195117
186928
195120
227890
178741
170550
195125
96824
105017
178748
96829
186942
178751
121408
121407
186950
211527
211526
186953
186956
203341
186958
219724
186960
195153
219729
195155
186961
195157
178774
195159
121435
121436
211550
121439
195168
219745
186974
195170
186989
195183
178802
186994
195188
195190
203386
203387
203389
178820
187012
187014
203398
219784
219785
203401
178829
187021
219791
178834
219794
187028
195220
211603
178843
178844
137885
178846
203419
203423
187045
178855
203433
203434
195243
137903
203441
96947
178867
187061
105142
187063
187065
211641
96956
211645
219837
187071
170688
219841
121538
187073
211652
178885
228039
203464
211657
203466
211656
228044
211661
121550
121551
203472
187088
203474
228045
121556
211666
137944
195290
203483
137946
195293
203487
187105
195298
195297
219876
195303
187112
187113
129769
178924
187116
178926
187117
178929
219893
195320
137987
195338
137995
178956
219916
187151
211727
203536
178962
219919
121620
211732
195346
121624
203546
203547
187165
203551
211743
187175
203561
187179
203563
203566
228143
178992
228144
228148
203573
121656
97080
203578
195388
228157
179006
211774
129856
219970
129859
179012
219973
179013
219972
203589
219977
203587
187210
179022
203606
203291
195420
138077
228189
179039
203616
138081
203618
203617
203293
203621
179046
203622
179048
228201
203294
138095
203632
187249
179056
179059
138104
179065
179066
179067
146296
203645
105336
211440
220033
187268
179079
187272
179082
179083
187276
179085
195468
220044
203664
179091
195476
203669
179095
203672
203676
179104
179110
187303
179111
220075
211883
179117
187309
203694
179122
179123
200053
195511
195516
203708
179136
195522
129987
220100
220105
179146
203723
195531
187339
187341
129996
211921
179155
187348
187349
195541
146392
105433
195546
105432
187356
220126
170977
170978
211938
146401
220130
220129
187362
220136
146409
220138
220139
187373
146414
146415
195568
179184
195567
195571
170996
220145
170998
220149
203768
179194
187387
187390
179205
130055
220171
179212
211981
220176
171025
179217
179218
179219
187409
179222
187415
211992
97304
179226
220186
146460
211995
146462
211993
211999
179235
212005
195622
187431
146471
195624
146474
220202
171050
203818
203822
220207
212013
203825
212019
179252
179253
220213
212023
212021
179260
212029
146493
171075
179268
130119
121930
171087
171088
212050
212051
212052
206597
214739
171093
220252
179294
171106
211485
171108
187492
171113
220265
121963
121962
212077
187501
187504
171121
187508
187511
220280
179321
97400
203896
220285
220288
171137
195713
209863
195717
171145
220298
171147
220300
220303
179345
171156
187541
220310
220308
171160
179360
195749
187561
179375
122037
195768
220344
179386
179387
171196
195776
122050
122051
195778
154819
154821
195779
122057
195787
179407
220368
105690
180573
195805
179421
220381
97505
220387
179428
187621
195813
195814
97512
179432
220397
195822
212205
122096
220400
97523
195828
97526
122103
179448
138490
122107
220412
212219
187647
204032
122113
212225
212226
195844
122114
212231
220424
220425
195851
179469
220432
220434
138516
179476
195864
195865
212249
122136
122140
179485
220447
179489
204066
179492
204069
220454
220457
185473
212280
220474
187710
195906
195907
179524
122181
122182
105799
105798
212293
195914
212294
179527
179531
105806
187726
122191
212296
212306
220504
195929
212312
179549
187743
212321
179554
180600
171365
195941
179560
171368
220526
171376
179574
171384
179579
179581
220545
212354
179587
212356
187781
179590
179595
171405
105870
122255
220558
179602
220564
122261
187798
220566
187800
138649
187807
179617
220578
179619
179620
130472
179625
187818
179627
171438
138671
187823
187825
212403
179636
130487
171451
187839
187840
220610
187845
187846
179655
220618
171472
220625
196051
179667
171481
196064
179684
220648
220649
179691
196077
196078
122352
187890
212468
187892
196086
212471
220665
220666
179715
187908
220675
196101
187911
179717
187913
196105
212491
179724
179725
179726
130575
196107
179730
171541
179737
196121
179739
220697
196124
187934
171551
196128
212510
171554
146978
179749
187943
179752
171565
179760
179762
179763
171573
171574
179767
196149
179769
220729
220730
122428
147005
179772
171583
222976
179777
179779
179793
187986
212563
179795
212564
187985
212571
171612
212572
220766
171615
122464
171617
220769
179815
188012
188021
188025
220797
188035
188040
196235
188044
196240
147090
188050
188052
179863
179864
220823
130714
188058
188060
179869
179870
220831
220829
220827
130722
155292
188059
220833
220837
193690
212652
196271
188081
188086
179895
188090
179899
179898
179903
196290
204483
89794
171717
188099
179911
212675
220874
188109
196954
188112
220881
188113
188117
130778
188124
130782
179935
188126
188129
212706
130787
179941
179942
188134
179945
220905
179948
188140
196960
212719
220912
188143
114418
179955
212724
171764
188150
122615
188148
180680
220924
171773
155388
204543
188156
122626
171783
122632
171785
188174
171792
188177
188178
179986
179988
179985
179990
171799
204563
179993
204571
204572
188189
204577
180002
180003
204580
187202
220966
180007
204584
180010
220979
220981
188219
171835
204607
188236
122703
171859
180052
171864
171865
188249
221017
188250
204635
139102
171870
171872
221022
212842
204654
196462
196464
171889
196466
221048
221049
171901
188287
212866
180105
188297
122764
221070
196495
180115
171923
204695
180121
196507
171932
204701
221083
130976
188321
130978
188323
130980
130981
130982
180134
122792
204712
204715
221100
130991
196528
196529
196532
130997
130998
171959
221114
171964
212928
171972
185606
216154
131017
180170
211658
180172
171982
196559
171987
221140
171992
196569
196568
180188
196573
196578
196579
196580
221157
180196
204776
172010
221163
122859
221165
196589
221166
204779
122865
204785
122869
188405
221173
188408
204790
221181
122878
188415
