178926|23401
185537|23463
175335|23094
199564|24686
148926|26910
184634|23393
199315|15494
186405|23594
124952|16835
214957|25782
177881|19925
227341|26752
176382|23128
118438|25609
180411|23322
221762|26174
175497|23536
221563|26180
132048|23313
175537|22851
182825|23470
224049|26180
181646|23259
198183|24462
222042|26248
222253|26167
200187|23177
203151|24599
214334|24859
192890|23590
181789|23224
220874|26180
197129|24483
200514|24737
123679|22842
168141|26177
183140|23713
202329|24783
177464|23620
204584|24863
195420|23235
140512|23232
178461|22876
131565|22827
223025|26197
219876|25779
175076|22518
173197|22761
120497|22896
176131|17974
186273|21925
190378|23745
175320|23536
175080|23050
181735|23423
200525|24616
185605|22566
171889|22409
184280|23486
136956|21794
177580|23536
175654|22628
181585|23258
181853|23225
223046|26461
183334|23126
184978|23611
224299|25999
176452|22778
205595|25099
188249|23584
122869|25526
189716|23311
173908|22554
221858|26197
174775|23046
117830|21730
190904|23682
174110|16835
177737|25896
202327|24783
180007|23326
206578|25196
182379|23445
176590|23146
192580|23590
222506|25999
173167|22799
174743|23536
180730|22948
223147|16769
198586|25081
184887|22024
205358|25081
123010|22350
222067|26190
184786|22178
209856|25522
181755|23224
199223|24651
171959|22408
171583|26243
180437|22983
174983|22434
120481|23730
204918|25065
187541|23584
171551|24237
212468|25735
219729|26152
177488|22884
199423|24523
183453|22531
219972|26197
130978|26017
175516|23276
177542|23169
206513|24611
177823|22367
187807|22669
203768|24818
197115|23498
171785|22831
168815|23967
180372|23045
212280|25625
203551|24859
196507|24376
171108|24225
181398|23313
225023|26167
222020|26248
186331|23266
179375|23100
227890|26180
175322|23536
189099|23310
190679|23916
131609|16777
171365|24236
210577|25318
196580|24349
183075|23396
136818|24069
189009|22109
114418|23345
223153|26000
184724|23532
227822|27273
138077|23186
187303|23731
184550|22845
169528|16777
218948|26180
185784|23649
108734|23669
169448|20699
177295|22502
170977|27031
207862|25353
220979|26180
123435|25027
197671|24526
127344|22894
171541|24237
122140|22833
188129|24306
202471|24434
182332|23013
221978|26174
171799|25764
195929|23382
216157|23382
227250|26752
94125|24678
77861|23653
200451|24669
199239|24651
195188|24213
176220|22777
193626|24092
207212|22884
181593|23423
183183|22108
168695|16769
131131|26017
137333|26267
177357|22502
223217|26167
219791|26135
118615|22894
193792|23931
175313|23536
187210|23682
128817|24234
177590|25896
221569|26180
120298|25033
175603|22851
215784|23382
224475|26995
179625|23270
219837|24860
177744|23183
180523|23288
203617|24494
178487|22188
220666|26174
173887|22800
184999|23257
178348|23222
193428|24038
175317|23729
201720|24881
125468|25526
181960|23258
213634|25514
122632|23345
175884|26881
201998|24812
122255|23248
168815|23347
172881|22909
221225|20587
181188|23268
96412|22560
171106|26243
171106|24236
202108|22521
222780|26167
167719|23140
191600|23991
127617|24234
208251|22445
177721|22283
187492|22473
192102|23539
181853|23469
173606|22391
173057|22951
180377|23045
176809|22390
223180|26167
174544|21870
137274|23075
184355|23514
133596|22980
202278|24783
224175|26822
221157|26180
227195|26428
219439|26134
205740|25592
136808|25033
120481|25027
120298|23730
171717|24234
176251|26324
122352|24069
190744|22195
225868|26167
198812|24094
174556|22434
150832|20408
173927|24791
125419|22813
187511|22473
184725|23535
183289|23463
144064|23185
181830|18031
123368|26243
209643|25490
182999|22216
194527|23745
187839|22214
188415|21855
214304|25620
122057|23097
227563|26412
203441|24491
183134|22657
193723|23640
208961|25348
175544|23603
121235|22715
220303|26205
187913|23734
222093|20589
177532|24236
125617|25526
176833|23055
178351|25026
191899|23041
122136|24230
177111|22820
175485|23729
176089|23147
205925|25113
205624|19911
187934|23734
222005|26248
176610|23144
155770|23045
225997|27121
190330|23895
198784|24552
184775|23532
214726|25620
209926|25522
186281|23447
178234|22762
131565|24233
219437|26134
218379|26065
129987|25820
119606|16774
183933|23540
226156|26760
180600|23324
225348|26167
223168|26167
120298|25526
178677|23235
177532|24224
174110|24069
214445|25620
201991|24901
221511|26174
172168|22869
120332|23537
196507|24476
188881|22874
174553|22434
202272|24783
186455|23688
189044|22874
222175|25999
195024|24213
179531|23243
227306|26752
222942|26197
96824|23730
131561|25697
117956|25110
175464|23536
221533|20587
175546|23091
207678|25277
168815|20699
131131|24737
211231|25636
179795|23299
191633|23991
177037|23153
205056|23920
222317|25774
130978|24737
125468|23730
222761|26167
179489|23237
215290|25620
165919|24495
121235|22713
175485|24015
182594|23453
176041|22297
179691|25526
220434|20588
120488|25033
177488|26332
198424|24545
77861|17493
120333|23730
206367|24961
124802|23105
167729|26177
187341|23578
190457|23682
221995|26248
184279|23486
222777|26174
201217|23682
137424|21794
181299|18031
189761|23724
220966|20588
171113|25649
184330|22389
176490|22418
183625|23124
149810|16771
184663|23303
182967|23459
183393|21729
221237|20587
195844|24213
178356|23095
227089|26419
181199|23261
174084|23462
209290|25310
176897|23154
198438|24348
200150|23919
177340|23183
178384|23137
187362|23597
140018|23055
178521|25526
184008|21851
146462|22769
195864|24348
122136|22808
173279|22408
198053|22907
204701|24887
174431|21978
185274|23627
190177|23898
203606|24860
200099|24675
171573|24967
189754|23324
201722|24881
172276|22409
181318|18031
170996|22173
101952|23159
184317|23486
196669|23375
187088|23700
175601|21885
193732|23640
136960|26267
179321|20589
219973|25774
176816|23055
177426|22620
200985|24718
183223|23190
125496|23017
167896|23140
184583|23329
178731|26232
223354|25774
122140|25715
185525|23336
207684|25277
177572|25526
178356|23536
224227|26000
193690|23997
222707|25999
211656|25666
214441|25620
129859|25820
190047|23393
197950|24076
167756|20587
171573|24225
189609|23865
195064|24213
195768|23536
193427|25126
168201|23140
184118|23360
200642|24654
189781|23241
178521|25026
223050|26462
201993|24902
175497|23095
174070|22940
193643|24357
206343|24078
197395|20196
146474|22769
192583|23985
210785|23967
179218|22767
194908|24277
226659|26180
197932|15464
207862|25082
200895|24719
200608|24736
196107|24243
105017|23159
121620|22810
131561|22827
226416|25999
168171|26177
194268|23829
209988|25310
195828|23701
176728|16973
208404|25299
201417|24777
177487|23347
227262|26752
170493|26856
204635|22960
190347|23670
178351|23536
136957|23059
192594|24911
181168|23268
192792|23985
180982|23259
173328|22761
195120|24213
180644|23325
171783|26243
180668|22984
223831|26000
171573|24236
176441|22366
206557|25184
130980|25169
221841|26197
186550|21943
167319|20259
176147|23095
179082|23234
150775|20408
175600|23536
199375|23382
181106|23309
185489|23615
172981|22950
188126|24305
200312|24677
174773|19878
197355|24236
178637|22188
106948|23626
182384|23445
185105|23536
195159|23938
207578|25277
193839|23712
203253|24599
187045|23701
224675|16769
183790|23333
185552|23647
200242|24744
223822|26000
222395|26167
183621|23124
183817|23492
219503|26133
205548|16772
209264|22860
174238|22764
188762|23651
175239|23050
184824|23532
177915|26003
196622|24474
176778|22367
171108|22635
131017|26017
204580|25014
184708|23392
190525|23360
227167|26174
219156|26093
222115|20589
171541|25061
207942|25118
124335|24884
222385|26000
182020|22122
200904|24720
206121|25565
174785|23046
170203|16835
181887|22389
190167|23898
169801|22284
188480|22025
150903|20408
192793|23985
219576|26151
197721|16772
123278|23730
138649|24540
175456|22665
177645|23103
150839|20408
175648|22851
208391|25339
176344|23536
206057|25565
192445|24911
222350|26174
181356|23328
200616|23348
206051|22906
183687|23714
120333|25526
177580|23729
211385|25628
178490|22188
173024|22853
223533|26174
219663|26154
216535|25665
200081|24711
206717|25204
179620|23100
171137|22174
205771|25103
193300|23792
211995|25686
120322|25027
203267|24599
192605|24911
197352|20196
174067|24791
173107|22941
205076|23270
174417|21978
125460|25526
219547|26133
126025|25903
171773|20588
172906|22721
184737|22177
176391|23128
184346|23580
168740|16772
175620|22851
179684|25026
183717|23361
177759|23103
187818|25005
175333|23094
185159|23158
184772|22122
172385|22800
220100|20589
190234|23897
200990|24021
222297|25999
210376|25439
193119|23890
175415|22800
202801|24737
125419|21671
150306|16835
187249|23690
201774|24865
120284|23537
173904|22554
118598|23232
176780|22367
205484|19911
118772|22350
146978|22769
96956|24678
225943|26763
193008|23941
221527|20587
180010|23237
188405|21854
168757|23347
173693|22799
126025|27379
186850|23584
175483|23276
150755|20408
202073|24895
177782|23103
200191|24669
179123|24941
212403|25636
178962|26232
182410|23013
181248|23288
188129|25738
179769|23299
120329|23730
198753|15464
202165|24783
182551|23095
222779|26000
195170|23938
175463|23095
137260|23075
188961|22874
197909|24080
171964|24237
173921|22967
174454|23044
137260|26267
198561|24437
177002|23137
217926|25456
220829|26180
217711|22216
196462|24242
119617|16774
221832|26197
177284|22509
193319|23198
130991|24737
201964|24866
175727|22295
176244|23144
185947|23400
180481|23245
100563|23158
167879|22108
202833|24793
168141|23140
181654|22389
183211|23190
136808|23097
138081|26003
176016|26346
191140|23908
129290|24725
222526|26190
197332|20196
201160|23498
190782|23931
174822|23058
182496|23125
108781|23669
131318|25169
212306|25711
195043|23938
223106|26000
222079|26180
222453|25999
209711|25321
187647|22669
183308|23449
186365|23594
184288|23486
188515|22589
201288|23919
224353|26928
183433|23124
180702|23206
137253|26267
195567|20762
138649|23789
223665|26000
186867|23588
175489|25033
168815|20259
209299|25310
181215|22901
226726|26564
200007|23780
175666|23141
120307|23537
177284|22502
179763|22204
185813|23650
177626|22877
193549|22759
89794|24077
174434|23046
202410|24902
175320|23095
175958|23128
200076|24711
176001|22882
185972|18449
123278|23097
175581|22673
96403|22896
175079|22980
176143|23095
203386|24994
167690|26177
222193|26167
179684|25526
192507|24030
183017|23397
223940|26624
190925|23908
168695|23967
172104|22869
122859|25027
176881|23136
199230|24579
176631|23139
200197|24669
182149|23348
184700|23613
183089|23045
210658|22874
119390|25033
167835|26177
97512|23271
181993|20725
119879|25204
195822|23701
126331|23669
227078|20589
197634|23382
177873|23137
176354|23536
193814|24041
195088|23938
102053|23158
172730|22764
205929|25565
148274|24233
174601|26331
175809|26881
221464|26174
145260|21943
179870|21934
122107|23248
166858|22760
191965|23997
175673|22851
127941|24032
219242|25178
171792|17974
224036|26167
122764|23232
190759|22195
96377|23249
182145|22164
177342|23967
196726|24244
183202|23328
176113|23151
170688|23967
187356|23387
225124|26167
179587|23118
123431|23537
199641|24670
183655|23483
121930|24233
174598|26331
185641|23514
203551|25076
198498|24545
148927|24069
171405|22714
145781|22766
175325|23095
175136|23050
138095|26003
170203|23967
151703|23249
172221|22799
219363|26133
206877|22558
197349|20196
196529|23938
203466|23584
182105|23224
185465|23360
192511|24030
203298|24599
176016|22882
200663|24736
173133|22949
131565|24231
200826|24911
184917|22389
204607|25058
227092|26419
181433|23348
97304|23094
203259|24599
166833|26000
187508|22473
171574|24236
143515|19903
122050|23232
188148|23705
202507|24890
74601|22758
199648|24670
221793|25774
185397|23626
218993|26067
176020|22882
123372|22809
225972|26760
140026|23788
186294|23266
125555|23017
171368|25126
216296|24902
171137|27031
219246|25178
174407|21978
174935|21794
177267|23789
206865|25203
206873|25203
221694|26248
181917|18031
179013|22184
176676|22202
171964|25787
179407|22948
175058|22518
120307|25027
212296|25711
94900|19925
120307|25526
175991|24791
223074|26435
177433|22884
172946|22885
182964|23455
200609|24736
134188|23057
170688|20259
197942|24551
122261|25204
169301|22391
220387|26180
138671|24540
218550|23741
218894|26093
173859|21981
218486|23741
219028|26092
218742|23186
169358|22767
170177|20259
203561|24859
171106|22635
180408|23203
198457|24545
183359|23479
131127|26017
183128|22657
122113|23232
187063|23701
203433|24829
224365|20589
120301|23097
181115|23309
201679|23651
119865|19452
120301|23537
194146|23940
175317|25033
176691|22202
179104|25026
119390|25526
176064|21696
179117|24015
205054|23920
184725|23534
178436|22188
206036|24997
183303|23449
120341|25027
193185|23537
179226|22186
137023|23963
221825|25774
125807|23017
202205|24896
219635|26152
175684|23105
174959|21978
179022|22184
176020|26346
197345|20196
202059|24902
180632|23325
183419|23124
211366|25665
125162|16835
203387|24994
123152|22556
172421|22888
220288|20589
173871|21981
166905|20587
195522|24334
182916|23477
133580|24537
188050|23702
227031|26412
212077|25625
195155|23938
140023|23169
224187|22191
167868|26177
178144|23242
171472|22569
168580|20259
172408|22888
217384|24332
171583|24236
223790|25774
169364|16835
173904|23603
202155|24783
121256|22715
181554|22389
183696|22657
205855|25103
126918|24031
180002|23326
179136|22878
207462|25118
186794|23045
185353|23615
175386|22800
173141|22949
183180|22203
175449|22665
218435|23741
168171|22108
224499|26851
182161|16910
179895|23238
177676|22159
176344|25033
200147|24723
171987|22799
190074|22854
201987|24902
203464|24993
123442|25033
192103|23994
225807|27147
207718|24079
205008|19878
138649|26003
178171|23136
221292|26201
125496|25584
177885|26333
190214|23897
182551|25033
195125|24213
171088|23345
188441|21854
176249|26324
203296|24599
186447|23489
195099|23938
200256|24620
209542|25439
181894|23423
219156|26180
143312|23580
192780|23985
201672|24880
168740|20259
203398|24474
178149|23136
121235|25697
120488|23730
200074|24711
205081|24887
224677|26174
204483|24579
220729|20588
197119|23498
82852|21698
183333|23126
184758|22177
123238|16772
183135|22657
182334|23013
173512|22900
227673|26423
148274|25697
174402|25526
150880|16772
196735|24492
133579|22980
221165|26180
182834|23333
186802|25005
208094|25153
219244|25178
171541|24222
177317|23170
120391|23793
175260|22519
219541|26133
185235|23579
182726|16769
120254|23248
184838|22177
223855|16769
120026|16772
199550|22778
188911|22874
223001|26000
226811|26391
190697|23916
167690|23140
181931|23769
184341|23580
207448|25118
226822|26544
227447|26403
167704|22108
226815|26000
205185|24849
125546|25526
171106|24225
182484|23446
211269|25636
182601|23453
176147|23536
112542|26174
182593|23453
207461|25118
139597|22263
205851|24647
137944|24514
176728|16774
183697|22657
123373|24235
172786|22758
185152|22566
221779|26180
130997|26017
118442|22349
182663|23333
138095|23789
147918|24973
124338|22350
131562|22827
188126|25005
190193|24620
212505|25514
177218|23093
221999|26248
176186|22502
176452|22777
181930|18031
174610|22760
193338|24357
190241|23897
139873|22834
222132|26167
222497|26180
223645|20589
124713|20699
223797|26167
124546|16835
192565|23590
212294|23233
221424|20587
123010|25609
125817|25609
207670|25277
227047|26412
176010|26346
197074|23498
224351|26908
217940|25456
221700|26248
218773|23741
120488|25027
171541|24965
203669|24863
177291|22509
221769|26180
121256|22709
204810|24887
204032|25031
200136|24669
124956|16771
204066|23177
121538|25027
184724|23534
186884|23588
175752|23057
195787|23982
186244|22766
177624|22877
190072|22458
137314|26267
179691|23095
224051|26177
174056|22940
228201|26174
202801|26017
214615|25620
119969|24069
177737|23183
137995|25230
175323|25026
220558|26245
122050|23249
110698|23303
133607|22434
197200|22561
211422|25446
193837|23897
172965|22950
179815|23270
197702|22861
199163|24587
175485|25526
134192|22982
125554|23017
183190|23463
212491|25514
183069|23396
178843|23078
178432|22188
221301|26190
198331|24433
118647|22418
169659|22200
172271|22800
188408|21854
227446|26403
224263|25999
209299|26134
214692|25620
183590|22024
120026|20684
201462|24818
183476|23361
167701|26177
122859|23097
135798|25027
175497|25526
180759|23328
123677|22565
131612|16772
190325|23895
174935|23058
118442|24884
198586|24348
147829|23730
133830|24801
223430|25999
180003|23326
200134|24669
188052|23650
203261|24599
176806|22390
199147|20194
189857|23309
214743|25620
183543|23361
211743|25567
223533|26167
202189|24829
122037|22894
223741|25999
184899|23610
223222|25999
122859|25033
139889|24880
96027|23908
220766|20259
196904|23940
172830|22885
173004|22800
203723|24994
191145|23939
194725|23432
226588|26882
121620|24234
195813|23967
222876|25999
120341|23537
120311|23249
175230|22518
123368|24966
147917|24973
193311|15464
173290|22761
172501|21698
124335|21766
195153|23938
167687|22108
188903|22874
199708|24468
119522|16772
94125|23088
171405|24974
196271|26641
171764|22021
169336|24213
186249|22171
220912|20588
187781|22311
176856|22202
194688|23466
173244|22821
196920|24494
174483|21696
200535|24736
183199|22755
200126|24711
175008|22889
180783|23177
138490|24539
168757|23967
181854|23226
203212|24599
128139|23017
172539|22762
174402|25033
225024|26167
126784|23670
188496|22855
193941|23640
176251|23144
176640|22390
174140|21698
180772|16772
205685|25112
200032|24562
195907|23967
184187|21851
124254|22418
176053|22519
183528|23126
184824|23535
209534|25439
120254|23232
184670|23539
209418|22645
169697|23347
186248|22171
176138|25033
219100|26113
176143|25026
213976|24714
185276|23627
185482|23615
203676|24863
186443|23489
120228|16835
165992|23807
185406|23626
167899|26177
219445|26133
177300|22620
175028|21978
177545|23003
123431|25027
177590|23183
172388|22800
226004|27121
123373|25647
185000|16835
183626|23124
196464|24244
172205|22896
136967|26267
168415|16772
179260|22764
123372|24225
137023|25110
201543|24810
211348|24805
180501|23245
220649|26249
193718|22984
194967|21855
203708|24492
223674|26569
184391|23542
221891|26167
148274|24231
199309|24069
136373|26953
120298|23097
175320|25026
137258|23075
171864|22409
121538|23097
171972|25061
196569|24349
183940|23540
190154|22854
200423|24736
175729|22295
200964|24793
223607|20259
121538|23730
222579|20589
174632|20587
181389|23262
117936|25110
217826|25456
184658|22177
125546|23537
171612|24970
186412|21943
177572|25026
127788|22755
138104|23186
184756|22177
176598|23146
172387|22800
211105|26177
168757|20261
173184|21698
206422|25119
215015|24777
217826|26180
190303|23745
180805|23329
183511|23126
122136|25702
201687|23347
120481|25526
192804|24497
123147|22755
174120|24069
174294|22620
181345|18031
173086|22941
219015|26067
217836|26180
193632|25126
196838|24433
168580|16769
193465|24039
188297|22595
211299|25313
168206|22086
203248|24599
199587|24468
191969|23997
182246|22390
172455|22800
183349|23126
221320|25999
182756|23333
179046|23078
197542|24527
219009|26067
122136|22774
133233|24737
221759|26167
176772|22367
209923|25522
201964|25178
174453|23044
202196|24829
221936|26248
94129|24678
174439|23046
122191|22559
170153|16772
190206|23897
205051|23920
227345|26752
198574|24348
190509|22249
180416|23263
189992|23896
225192|25830
216896|24859
185372|23367
186641|23489
202789|24894
121538|25526
125609|23097
211645|25666
198664|24561
137328|26267
199538|24468
224650|26000
198400|24348
119314|16777
221872|26197
175291|22764
171872|22408
190203|23897
173381|22620
205529|24887
198447|24348
168192|26177
175884|25126
182117|23224
168181|20879
205553|25592
222070|26190
194147|23940
193594|24037
205925|25565
195056|24092
175877|22777
132239|26017
193480|23597
184548|22983
187202|20587
178715|22621
179590|23118
203121|24894
180289|23259
171612|22810
142384|23073
177811|25896
181734|23424
187409|23597
175830|23537
183610|23124
132239|24737
94136|23283
201416|24777
182072|23225
175041|22821
194231|15464
92710|22755
120293|23537
175469|23095
203434|24829
179104|23729
179684|23095
184951|18051
186461|23485
138081|23186
227727|26403
197069|23105
122865|23097
197175|21852
176347|25033
224412|25999
203487|24492
177737|25036
224144|26000
222111|26174
189716|23305
193656|24036
188178|23703
120880|22890
202369|24902
174614|24300
184098|23382
175152|22521
192369|24911
217369|24332
195914|24567
119390|23537
126596|22836
176631|26324
183243|23333
179432|22767
184346|19903
188059|23702
120470|23097
147917|24231
121436|23283
210852|23471
173844|22800
119601|24069
176148|23095
175806|26881
206038|24997
227657|26400
171574|25268
186807|25738
195476|23734
205576|19911
189463|23715
176148|23729
182162|26332
183584|22024
140071|23788
206332|25564
172581|22418
173908|26882
130722|23012
224373|25999
127997|23670
224551|26174
120454|25027
199385|23682
222850|16928
197202|24243
222114|20259
134717|23768
138077|24539
179469|23304
127114|23669
197006|24481
183958|21851
175250|22620
190696|23041
223082|26324
179117|23729
184634|23391
179065|23078
147829|23537
136808|23730
177487|23967
177469|23620
147917|26233
187726|23712
183134|23713
131279|25169
174631|24301
179205|23198
222833|25999
200007|16195
100574|23158
221960|26248
219970|26197
119522|16835
176012|20588
223748|26000
123676|22565
166009|23097
174120|20699
184354|23514
223543|26167
199794|23682
125611|23730
123442|23730
171551|25061
188112|23705
201348|22041
200227|24669
190217|23897
125455|25526
96947|24678
182637|23448
171783|22831
172457|22800
182613|23454
194160|23940
227374|26752
185693|22474
223145|25999
195768|25033
187818|23776
137028|26267
211401|25446
175317|25026
177295|22509
206041|24997
218672|26085
206373|24961
126596|24234
199091|23445
173701|22799
222504|26167
209287|25310
179986|23237
190592|23186
221173|26180
122792|22559
181684|22122
175313|25026
208918|19533
121656|23397
125666|16771
167681|23140
175463|23536
211641|25665
175629|23105
225052|26590
121930|22712
126759|23670
200147|23919
127545|24032
190222|23897
197393|20196
185232|23579
130055|21730
148274|22629
220171|26208
220186|26208
223633|26555
179485|23304
173780|22853
167902|26177
204712|24887
222945|26451
213207|25812
171156|20699
172262|23276
176185|22509
171025|16769
181211|23791
131279|24737
184304|23580
221194|26180
184169|23540
203196|24599
176664|23055
182371|23445
168181|22108
175666|23139
212005|25686
210813|25088
175110|22518
186928|23669
124242|25609
197134|24483
184724|23535
176631|22628
204811|24887
101909|23158
142993|23222
123373|24226
225537|27121
223821|26948
218780|23741
183413|21729
187943|22243
185976|24865
205686|25113
196669|23376
223358|26248
184458|22458
119606|20261
186030|23652
184546|23492
189149|22874
225964|26760
120329|25027
186756|23489
118743|25608
125561|23017
171972|24237
181597|23423
228039|27181
171365|25268
78409|23283
222324|26167
185285|23627
203341|21250
176344|23729
177781|23103
218974|26180
207919|25118
189760|23724
187415|23597
192770|23590
182578|22122
134719|23768
218260|24437
217929|25456
172039|22620
221537|20587
117918|25183
200971|24718
173154|21696
184349|23580
186381|23489
179387|23100
211727|24777
92802|22556
221789|26197
193684|23640
221574|26174
175141|23055
125804|23370
173771|22853
171799|24234
177422|23789
212029|21475
137023|23076
177357|22507
224213|26190
138081|23789
181177|23313
211374|25665
178036|22767
193214|23682
165887|23347
225845|26761
177339|23183
181616|23423
171106|22634
184811|23613
176007|22882
96829|23097
220831|26180
126349|23669
197098|24508
223973|26174
191700|23241
180496|23316
173937|22554
130981|24737
176729|23003
200624|24670
182040|23257
183560|21728
121240|24234
175489|25526
118746|25608
221784|25774
150548|22202
177532|22831
120488|25526
126782|23670
92746|26443
127687|24031
187348|23387
199106|24523
120302|23730
201805|24833
175074|22764
227397|26752
117956|25183
201110|24711
122869|23097
227779|26400
185348|23615
148927|20699
177954|22202
211443|15810
180930|16772
189008|22109
219059|26097
173747|26303
174714|21978
142795|23170
187272|23595
177522|23169
175713|25526
175463|25526
176439|22366
120332|23097
192299|24020
218974|26036
218610|23741
206016|25101
221955|26248
222114|16835
190246|22458
206671|25211
199379|24620
177548|23003
170688|16769
181728|23423
130119|23669
181230|23288
175830|23097
174598|22880
171156|23347
176225|22778
125666|16835
124254|25608
182551|23536
183363|23495
219784|26135
120481|23097
138095|24540
172979|22950
178351|23095
100315|25738
168780|22108
201853|23967
193000|22081
207211|26332
193185|23730
213164|23265
167171|23347
174935|23059
175965|23128
171147|27031
125617|25027
137885|24881
220129|26206
179294|22941
197341|20196
181187|23302
182112|23224
223541|25999
219626|25526
184002|22531
225954|26763
96375|22560
124354|22349
206481|23295
221048|26180
203474|24993
221599|26174
172817|22885
184963|18051
205817|25103
106948|23628
178286|23137
131743|24801
193402|24038
213626|25735
208156|25526
221684|26177
207712|25295
133586|23057
222537|26000
121930|22629
169165|22038
208958|25442
125666|19070
173914|22967
176136|23095
168757|16835
140010|23170
208200|25299
205686|25565
190266|22458
184993|23611
219794|26135
215057|25914
216942|25730
222490|25999
223357|20588
185791|23646
127636|23670
130978|25169
180196|23198
192730|24799
205595|25563
179724|23237
150821|20408
173784|22409
214587|22941
199104|24523
179769|23300
184951|24675
218614|23741
206551|25184
179146|23095
222718|26167
121408|22894
147917|25697
168815|16773
197936|24076
219339|26133
96829|23537
171573|22809
220432|20588
212231|25747
188498|22855
96824|23537
171365|24966
213612|25730
214423|24777
206553|25184
227243|26752
179527|23243
173853|22800
165973|23807
203299|24599
174774|23044
220665|26174
193579|24094
168206|22108
171573|22775
75317|23535
175464|25033
173471|22900
135798|23097
210566|25318
200549|24736
145464|23597
207211|22884
118529|16774
92797|22556
215230|23270
118490|24069
198788|24552
192505|23985
179636|23313
145446|23595
204807|24887
179194|22190
185800|23649
175856|26881
226097|27121
126019|23669
173176|22758
175713|23095
176084|21698
133681|22433
205553|25098
205182|25018
119522|20684
176148|25033
171717|22827
183584|24332
200090|24670
120333|23537
220300|25774
177459|23620
168194|26177
172504|22758
199660|24670
122615|25027
92779|22557
126047|23669
193083|23677
181825|18031
175666|26324
125985|23282
174150|22821
124221|25609
184314|19903
155388|23266
198579|24348
195622|24213
118529|20261
221640|26167
206947|24069
138095|23186
211309|25313
166872|22760
170397|26000
223534|26174
118438|22418
120284|23730
205548|23347
125609|23730
185556|23081
224050|26177
196818|24433
197355|24224
180105|23299
122428|22896
174012|22763
200024|24235
201663|24818
174828|26267
221767|26174
178521|23095
168201|26177
185473|22766
195220|23871
221827|26167
182035|22216
206501|23295
179123|22170
120884|22890
168137|23140
180485|23316
226398|27273
175313|23729
226376|26565
219474|22447
179012|22184
208174|25299
189050|22109
167719|23999
201512|24810
176148|23536
179146|24015
190363|22473
136919|23076
130782|23669
179863|23119
211981|23382
175270|22521
206482|23295
175892|22777
171541|22807
211883|25625
176021|22882
176430|23011
207844|25296
220454|26174
222088|26167
92685|22755
216932|24332
173764|22853
203472|24993
181108|23309
186418|21943
210373|25439
220145|26203
172864|22799
201516|24810
181480|20589
177580|23095
175210|26332
206777|25203
195779|23982
224877|26851
187014|23690
173500|21965
175600|23729
180897|23329
174601|22880
138104|23789
217834|26180
175141|20839
192754|23985
187073|23792
125611|25526
222337|26180
216154|23382
184962|18051
223846|25999
171088|24679
172282|22800
175198|23044
174762|21757
226818|26000
131561|24973
133234|24737
120301|25027
142835|18051
139873|24971
128139|25584
222496|26174
221270|26180
203101|24997
172319|22906
208518|25310
124354|24884
120341|23097
203616|24494
176402|25027
190690|23041
169111|22038
203250|24599
220044|26193
185859|23514
138077|23789
214459|25620
176479|22883
184923|23392
196086|23177
140017|24077
203177|24599
171964|22631
171901|22409
224300|26167
184581|23328
145465|23595
176911|23154
173831|23000
196850|24493
197197|23498
214724|25620
173106|22941
197547|24527
188766|23651
201265|23919
197550|23942
169161|22038
208734|25279
171612|24228
223030|26167
184697|26232
212563|25756
189954|23670
212572|25756
189053|22109
119334|23248
180134|23288
200466|24736
118442|25609
155292|23676
188791|22874
165988|24495
185333|22025
181524|23302
217875|23682
123435|25526
150897|20408
183374|23177
166009|25526
120322|23730
205776|25103
185223|23579
210687|23471
182510|23125
131269|26017
208185|25299
185144|23376
209038|26134
200190|24669
180469|22531
182535|25526
177345|26232
121624|22810
171108|26243
192382|23590
121439|22896
188117|23767
174070|26882
210654|23471
222034|26248
166595|23689
175600|25026
195776|23982
196495|22558
183135|23713
183905|23514
177500|23492
179715|23296
168009|20587
176354|23095
221704|26248
182085|22845
176143|25526
173404|22821
186362|23594
181734|23423
117850|25183
225290|26167
200583|24736
205596|25099
173685|22799
96829|25033
175883|26324
200646|26017
203168|24599
168155|22108
174819|21981
137090|23075
193698|23997
142849|23170
125611|25027
120472|23097
100562|23158
225661|27143
169659|22204
180734|23328
200258|24620
188637|22845
224907|20589
208191|25299
122869|23537
173752|26303
196817|24433
150783|20433
196589|24349
200146|24723
196615|24433
201724|24881
75317|23534
120472|23730
219412|26133
174575|22880
130487|24725
180669|22984
226777|27013
221206|26000
173236|22038
184196|23514
176442|23128
171964|24222
184462|22458
176450|26324
175469|25026
191717|22961
197924|24076
174743|25526
219407|26134
195183|24213
173372|22409
176143|25033
183740|23469
176009|22882
172971|22950
148370|22900
179219|23233
188889|22874
225963|26760
176949|23136
128817|25715
222739|26360
96824|25027
221560|26174
226748|26277
209874|25522
193562|24092
151703|23232
171574|24225
177907|22883
188835|22109
124226|22418
221437|20587
170203|23347
196919|24494
207925|25118
176877|23153
168191|23140
181741|23423
223033|25999
188058|23702
105336|24562
177560|22284
122869|25027
181310|18031
176014|22883
226003|27121
189945|23670
226389|26564
220545|26245
181381|23300
218776|23741
199777|24670
211437|25625
219785|26135
202142|26308
186520|21943
178774|24091
181478|23348
225408|27030
222886|26167
204790|24887
182075|22845
176590|26324
180925|23226
125807|25584
202732|24780
185595|23614
175325|25526
165931|24495
176007|26346
169448|16835
169141|22038
171551|24965
185731|23336
199005|24621
118426|25609
177885|22883
202671|24777
200863|24717
198410|24545
173592|22853
174821|22821
189790|21859
181043|23203
192574|23590
215449|25204
182147|23492
214739|25620
190843|23311
171551|22807
171785|22832
171785|24966
189076|20669
196916|24494
96824|25033
218605|26091
169700|20588
178929|23198
192496|24028
222394|26180
188287|23251
137456|23232
179146|25026
179760|22204
125498|25584
207211|26360
192769|23590
186889|23588
179421|26232
124073|25608
136956|26267
125564|22813
130981|25169
219055|26107
138490|23186
184984|23611
131271|25169
133583|22982
174437|23044
183731|23361
175791|23095
176076|22521
122865|25027
118606|22894
224047|26000
208097|25153
176157|23146
215012|24777
176136|23729
196507|24472
199536|24468
206770|25203
175195|23050
131565|26233
119967|16774
170161|26000
175791|23536
176598|26324
187845|22214
187504|22473
224482|26995
179730|23237
154819|20699
219684|26152
207965|24254
179549|23729
178161|20699
218895|26093
204785|24887
177476|23620
172010|24069
140104|23170
200517|24657
192124|23613
177809|25896
174434|23044
224205|26000
183441|23126
178522|23729
175086|22518
173939|26331
126227|23017
185974|16772
181766|23224
211921|25685
171583|25268
127187|23766
213606|25730
177366|22506
191723|23324
193502|24094
178643|22188
136920|23058
124713|16835
123372|22775
177080|23137
188025|22764
221163|26180
120301|25526
181147|23310
136956|23059
224539|26851
121551|23470
211661|25665
196128|24244
131565|22826
221673|27216
125989|23766
197188|23498
200010|22418
96377|23232
181170|23302
190845|23042
169120|22038
224459|26851
185524|23336
185357|23159
133669|22980
125566|22813
168477|20589
202434|24829
197721|24069
168137|26177
221757|26180
184984|23610
186497|23594
119601|16774
223691|26000
179252|22202
222777|27216
206560|25184
185458|23333
122113|23249
211487|25712
202801|25169
184684|23376
191994|23974
180536|23288
123182|22556
177786|23103
199303|24545
127535|24032
183438|23126
169999|20684
171106|25268
188236|23251
198730|24620
211732|25567
184234|23580
183633|23124
176003|22882
176590|23144
121240|25651
221868|25774
222945|26452
187117|23669
191764|23103
182825|26016
203566|24859
201687|23967
221598|26174
177293|22502
173451|22038
183684|22657
96824|23097
123977|21766
176402|23537
177433|26332
123265|25609
173722|22853
173293|22409
197728|24552
207558|25265
105806|23159
211992|23258
223246|20589
185889|23646
189137|22874
203419|24487
181055|23203
198468|24545
175654|23141
173269|22038
228148|27380
197953|24076
176344|25026
228044|27378
222003|26248
199478|24683
182535|25033
220044|26243
200967|25029
224289|26641
120332|25027
185974|18449
126078|23767
167879|26177
174643|22799
205608|19911
173084|22941
176348|23095
131128|24737
175469|25033
175129|23050
172834|22536
185020|23611
146409|22769
218940|26035
192878|23590
176186|22510
175152|22519
176136|25033
224013|26000
195546|24335
195092|23938
137946|24607
206325|25157
122990|26641
189890|23514
186499|23594
207278|25236
199652|24670
221559|20587
144208|21934
171865|22408
122140|24229
185698|22474
150901|20408
178575|23078
201853|23347
125462|23537
178604|21968
223555|26000
175018|22982
218315|25279
190145|22854
227474|26752
172010|20259
137995|24607
125021|23105
121620|22776
176354|23729
220310|25999
184803|23259
125460|23097
178926|23198
174828|22085
201616|24812
186914|23700
125455|23097
205640|22246
173747|22967
175489|25026
196121|24242
226810|26000
185807|23309
204872|24432
222767|26174
181328|23362
194149|23940
96829|23730
178844|22621
197234|23177
180557|22983
175322|23095
178774|22170
121373|22896
180249|23469
173161|22799
177829|22878
125468|25027
179111|23536
221800|26197
179146|25526
131128|25169
177921|23091
217819|25456
120454|23730
136919|26267
221721|26167
182118|23224
206057|25112
176469|22850
181770|23469
223655|26167
193664|24036
168190|23140
220769|24078
221709|26248
184669|23539
122352|25544
207557|25265
173274|22038
114418|23267
178072|22763
172865|22799
131282|24737
218895|26180
173287|22821
188124|25738
122182|23232
171106|24967
122107|23232
118772|25609
194179|23669
142860|23170
222851|25999
174553|18399
186958|23690
210823|23313
180948|23329
182423|23333
175654|23139
109579|22621
227551|26412
180268|23100
208156|25027
197534|24527
200633|24654
171972|22631
175322|25526
184694|23539
205465|19911
192416|23985
222499|25999
167626|21789
177500|21814
196240|24242
120284|25033
190775|23916
167895|23140
187268|23595
222643|25999
223396|26000
220837|26180
120302|23097
184111|23360
177771|23103
171992|22799
190804|22215
168337|20589
189963|23896
176019|26346
176354|25033
188142|23705
212356|25446
196051|24243
184408|23360
123442|25027
184138|23382
122615|25526
197136|24483
192812|24497
202288|24783
170146|26000
200302|24677
166869|22760
194925|24286
187349|23387
222432|26167
171972|24965
194087|23959
176712|22202
175738|22295
147090|23094
224152|25999
118723|25609
136963|23075
171785|25716
198418|24545
179146|23536
223607|16769
197964|22907
196658|24487
181854|22122
220207|20589
168492|23347
120454|23537
182255|23348
204695|24887
202233|26308
221584|26190
227244|26752
215175|25638
211999|25685
176490|23141
203896|24332
184894|22177
181088|23203
120478|23356
179111|23095
174976|22434
184720|23392
175551|23095
175485|25033
131276|25169
175886|22777
208663|25310
224168|26190
121620|24970
182039|22216
222250|26248
146392|22769
175791|25325
188090|23705
220149|26203
178153|23137
203589|24475
199374|23382
221530|20587
125462|23097
209858|25522
222114|16769
126221|22813
205409|25088
176307|25078
180291|23259
127092|23788
187065|24332
124952|18449
123677|22842
200440|24736
221166|26180
92805|22556
213639|25514
209939|25522
199645|24670
207144|25228
185674|23095
209864|25522
191150|23939
121550|26016
182682|23348
182028|22122
179095|23536
176347|25526
189639|22778
173904|26882
182551|25026
175323|23729
192812|24911
208175|25299
130778|23670
185400|23626
196559|23177
176490|23139
178590|23078
181386|23262
224151|25999
147829|25027
180925|22122
176014|26333
183676|23714
200007|25031
179184|21966
185823|23650
170998|22173
173941|22554
208535|25299
214723|25620
125546|23730
172274|23276
175791|25026
195717|23097
222981|26167
201287|23919
197969|22907
134732|25903
175551|25526
138516|23789
182615|23454
200024|26243
120472|25027
194991|24213
202108|22519
143728|23093
175147|22519
205878|25103
186961|23690
146460|22769
172233|22799
120284|25027
175886|22778
189625|22473
185176|23628
221100|26180
220526|26174
207929|25118
207392|25081
226058|26167
188827|23562
133577|22982
207577|25277
136920|26267
121624|24234
176009|26346
137456|23248
183676|22657
174418|21978
194152|23940
227230|26752
123278|25027
207460|25118
195190|24213
180388|23322
202204|24896
173033|22853
166281|23809
122182|23249
200639|24654
205645|22246
176251|23146
211322|25313
118523|16772
183144|22657
178522|25033
149688|22208
186802|23659
175459|22665
175600|25526
223730|25999
190876|23328
186482|21943
121240|22710
127727|24030
194164|24495
122352|16774
226385|26564
131318|24737
136972|23059
171113|25268
205819|25103
221761|26180
174743|25026
218381|26065
223737|26000
210807|25088
181780|23224
223586|26461
190280|22458
202744|24780
180802|23256
120322|25033
182406|23013
190968|25126
90597|27111
219418|26133
207089|25223
185476|23615
189076|23892
126025|23767
184600|23333
192276|24020
223423|25999
145640|23594
184971|23611
176420|22181
211652|25666
207680|25277
168757|20259
195906|23967
228041|27181
190163|23898
139605|22263
174822|26267
201307|24818
171574|24967
183426|23124
121620|25651
198287|22861
169659|25065
181669|22389
165887|23967
219313|26067
209038|25310
223987|26000
211105|22108
190269|22458
198995|24532
190619|23040
200866|24717
207688|25277
176354|24015
221114|25830
188129|23776
174858|22434
179935|21935
171574|22809
212051|25446
205873|25103
175644|22890
211182|25636
119969|16777
227522|26400
186956|23690
182922|22122
204715|24887
196652|24487
184498|23360
194930|24286
125468|23537
172580|22763
179067|22621
122995|23248
155768|23045
200428|24736
120311|23232
174124|22764
186389|23489
196064|24532
186883|23588
173308|22620
174743|23095
168695|20259
179421|23223
177326|25896
185860|23514
219007|26067
219972|25780
201007|23752
174774|23046
180449|23203
185984|23081
196895|24475
211252|25656
123234|23249
183144|23713
189951|23670
173052|22951
182605|23453
138490|26003
179684|25033
179083|23234
139873|24234
227360|26752
220298|20589
220139|26243
179006|22184
205566|25098
177744|25896
122136|26233
196636|24482
219973|25780
127585|24031
223755|26000
195768|25026
190215|23897
208536|25299
177339|26232
128817|24229
176255|23146
114418|23480
202457|24523
167626|22760
186433|23489
218940|26180
175497|25033
205590|19911
123435|23537
188250|22764
182551|23729
224517|26851
176095|23136
203618|24494
200415|24669
212706|27202
183362|23495
219555|26133
196632|24474
223753|20588
122136|24972
176111|16769
101704|23159
180464|23256
154819|16772
171087|23267
214980|25203
176255|23144
175322|23729
196105|24242
216057|25928
168899|23347
195749|23382
177246|25526
184368|23580
180654|23325
198660|24561
171365|26243
208350|25279
227335|26752
220213|20589
123431|23097
184711|23392
120388|20261
171612|24234
176913|23153
222662|26000
220447|20588
202114|22188
219207|26124
185987|23081
214284|25620
220504|24859
196738|24492
188438|21855
180923|22390
202077|24902
183763|22983
177342|20699
126021|23669
171574|22775
181316|18031
93568|22556
169364|23967
200595|24654
177267|24541
224465|26995
201604|24812
122615|23097
136803|22109
174388|22853
199569|24686
222365|25830
219408|26133
171088|23267
200497|24654
221083|26281
219398|26133
184873|22389
221925|26174
126596|22835
176490|26324
175469|23536
124242|22349
179448|21934
96947|24515
202349|24783
174544|23700
211527|25568
175325|23729
176342|22850
178685|23314
171932|22408
175761|21757
181066|22531
185205|23157
194990|24213
220126|26243
125162|24069
195914|24606
100559|23158
174083|22799
175830|25033
181577|22531
182984|22767
183981|23360
221210|20589
171405|24232
178396|24609
203563|24859
175726|22295
199592|19926
190077|22854
223188|25999
174060|26881
179091|26232
193908|24165
223089|25999
127326|23670
184601|23360
131133|26017
183684|23712
202853|22882
184902|22177
179990|23237
145304|23595
195303|24213
179039|22621
192735|23985
173752|22967
172274|22799
198000|22907
179772|22204
120322|23537
206570|25196
186382|23489
176076|22520
177682|22159
125700|23248
223884|25774
121963|25268
123167|22894
171113|24225
182375|23445
126215|22813
220675|26180
214291|25620
171972|25648
181368|22948
182487|23026
186279|21925
219381|26454
205933|25103
123676|22842
176136|25526
224123|26637
186407|23594
172105|22869
171405|24234
119390|25027
214613|25620
177246|23095
195290|23938
175485|23095
171783|22832
181112|23309
190592|23789
206779|25203
185103|23158
201010|24790
220457|20589
179717|22562
204572|25014
125565|23017
222620|25830
179581|23282
142963|20725
181655|22389
183951|24617
167350|20588
126456|25584
176785|23003
188426|21854
201122|24790
125617|23097
200533|24736
180994|23469
121235|24231
182077|22845
177724|22283
155772|23045
171365|22632
145724|22766
221866|26197
120298|23537
180562|22983
177246|25033
134657|23282
202909|23455
201995|24028
198397|24348
136960|23059
174153|21698
186489|21943
185186|23628
220186|26243
193430|23994
222374|25999
183018|23397
105870|23159
124086|25609
190893|23682
202860|24793
174457|23046
180376|23045
221564|26180
125555|25584
196613|24474
184824|23534
173382|22820
177792|23195
212471|25735
178382|26232
188900|23333
221070|25999
200220|24669
219366|26454
93776|22556
143317|23580
219158|26180
166955|22760
184588|23455
179476|23237
206730|25204
174273|22821
202447|24432
122103|23249
200537|24736
222071|26190
179941|23296
173157|22799
106948|23625
128817|22711
176023|22882
196812|22025
220881|26180
174840|22982
119617|24069
185332|22025
206592|25196
211371|25666
227490|26400
174753|23065
183477|23361
207572|25277
145452|21925
223415|26167
124956|24069
200445|24736
184347|23580
187798|22669
189315|23724
120369|20699
193125|23890
121963|22831
199462|24677
200490|24654
190251|23788
133234|26017
131128|26017
180501|22458
181024|23305
213472|25185
136373|26946
197546|24527
197394|20196
169659|24988
122140|24971
119525|16910
185386|23367
178514|23536
216064|25928
174402|25026
226293|25774
226399|27273
190661|22213
186526|21943
217861|23382
199507|24242
176157|23144
222502|26000
171799|24232
201468|24818
171972|24222
187390|23597
192749|23985
123373|22636
178956|23206
176348|25026
180576|22983
174786|23044
182565|23469
169364|20259
184539|23360
210579|25318
171987|23462
119334|23232
177553|23003
225372|26167
179524|23243
167704|26177
195713|24032
122995|23232
193165|23865
171783|25268
124976|23655
167307|20589
197391|20196
219158|26093
212675|25776
174437|23046
195105|24213
174591|26331
175323|25526
181257|23206
136972|21794
171156|23967
219470|22447
176751|22285
193227|24357
184889|23610
228045|27378
144132|25608
222570|26360
223648|26174
137274|26267
226282|26000
137885|25442
209636|24805
200548|24736
198356|22860
179726|23237
171087|23395
200122|24711
180573|23313
177590|25036
201478|24810
194735|23432
121235|22719
188109|22212
190318|23670
121963|22832
173848|22800
224347|26940
176961|23153
219893|26454
179321|20588
189591|21852
171923|22409
133596|22982
174822|21794
176111|20259
179492|23237
128316|23012
196578|24349
181964|23258
203622|24494
186524|21943
121556|23470
181078|23308
190382|23745
177528|23169
219381|26133
179779|23299
175809|25126
173044|22853
197186|23498
167880|26177
211657|25665
92728|23766
171565|23267
192794|23908
179869|21934
120329|23097
120555|20699
227613|26544
182301|23374
198771|24348
175313|23095
219458|26134
195346|23329
185415|23626
124850|22956
176458|22777
176265|23162
171554|24965
147829|23097
173721|22744
137097|26267
80145|23283
176320|22390
173575|22853
199784|24586
193011|23941
207905|23256
182565|22122
178867|22621
210981|24777
205866|25117
210757|25299
182683|23233
122352|25542
202745|24780
174402|23095
184380|23542
120307|23730
178514|25526
126596|24974
175227|21885
221181|24078
208391|25442
172648|22764
184772|23469
179777|22204
178172|23137
209863|25522
220397|26174
220176|26208
173787|22853
208192|25299
173561|22853
154819|16835
122887|23249
183571|23469
193695|23997
185236|23579
178701|22621
221953|26248
206340|22216
181616|23424
179945|21935
145248|23597
176868|22202
196290|23449
125468|25033
126075|27378
200915|24720
120307|23097
192652|23590
206397|24611
190935|23677
175791|23729
173011|22800
179056|23078
201150|22762
211440|23470
175830|25526
222451|26167
223928|16769
123368|24224
195388|23677
203632|24861
179779|23300
197092|24508
218472|23741
179360|23207
169245|20259
122865|25033
220252|26197
123238|20261
184236|23580
169116|22038
121240|24970
227737|26403
175806|25126
177884|22883
207857|25296
120332|25526
118474|16772
121624|24970
176668|23055
203536|24493
174454|23046
120228|20699
138671|23789
209695|25321
200646|25169
188124|24305
196791|24912
203664|24862
124226|25608
174555|22434
147918|24233
117897|22084
175210|22884
183631|23303
175325|25033
202992|24977
173322|21885
173311|22408
177811|26232
123278|25526
212050|25446
171964|25648
133233|26017
194261|23177
174712|21978
177532|24966
180950|23256
220545|26174
201469|24818
206774|25203
222767|26167
193653|24036
149807|16771
171088|23780
136808|25526
120341|23730
130787|23011
220130|26243
178707|23264
212225|25747
172262|22800
226034|26000
176348|25526
222238|26174
135798|23537
203197|24599
175856|25126
125561|25584
222519|26167
173692|22853
199668|24670
195531|24335
214619|25620
202084|24902
187492|24619
171612|25651
183652|23544
186823|23690
206050|22906
202438|24432
218751|26089
220176|26243
168899|25542
181577|23207
182578|23469
174056|24791
142796|23170
174484|22433
170153|25542
184617|23360
203145|24599
201552|24818
124718|22755
188124|25005
176878|23153
170177|16769
222583|26434
177809|23183
148274|22826
227792|26400
221140|26180
219122|26180
172652|22764
196636|24470
208220|22434
217819|26180
174882|23090
225680|26000
211120|25636
223601|26000
196101|24242
189966|23896
225839|26756
175323|25033
176985|22956
97080|23768
178522|23095
187985|22243
190770|23682
183318|23124
201107|24468
147917|22713
120472|25526
172392|22896
200430|25453
173552|22853
198810|24283
203294|24599
123679|22565
170203|19070
177214|23093
127583|24030
221673|26174
191146|23939
146471|22769
186065|22209
188724|22874
120555|16835
225467|26167
227457|26403
176307|22850
175263|22758
196972|23724
191688|23241
188976|22874
166905|20588
201346|22041
203282|24599
124086|22350
177246|25026
185153|22566
182162|22884
178514|25033
179268|22767
203277|24599
196832|24433
118624|16777
174330|22764
201979|24902
227501|26400
188177|23703
121620|24228
171972|22630
193608|24037
174780|19878
176099|22820
173520|22900
205485|19911
137383|22085
205487|19911
203694|24994
175485|23536
172485|22764
212052|25446
179899|23238
182566|23026
177235|22283
176143|23729
171573|25268
199588|24468
178188|23136
171554|25648
137414|23076
178338|23233
122114|25203
108768|23670
195085|23938
182329|23013
168563|23055
194932|24286
119606|25542
190207|23897
120882|22890
175954|23128
175600|25033
123977|25608
217833|26180
176610|23146
193424|25126
208320|25279
197082|23498
206125|25122
178846|22621
183920|23514
118600|23249
200356|24677
186807|23659
199699|24670
186974|22766
175713|25033
176727|23003
110521|23942
198606|24348
176354|25026
121235|24233
202002|24902
180433|22983
152973|24495
197857|22521
134650|23282
185288|23627
195768|25526
177783|23103
168192|23140
125891|25584
184849|23375
202339|24783
184723|23535
174741|23095
174575|26331
202003|24902
202895|23455
176344|23095
119390|23097
119370|22561
222669|25999
182115|23224
179095|24015
176491|22628
224061|26661
127281|23788
154819|20684
136823|20699
176347|23729
173293|22821
118426|22350
171717|22829
167795|23539
182147|22164
138516|23186
183947|23540
175287|20259
188035|23702
189786|21859
207635|23177
182846|23448
165887|16769
124335|22349
184123|23360
179104|23536
120454|23097
212571|25756
185486|23615
182757|23333
197759|24365
193666|24036
224273|25999
93794|22755
180105|23300
203268|24599
226763|26391
133606|22980
171554|24237
130982|24737
202452|24432
176730|23003
172501|26423
170153|20261
180856|23254
202969|24894
222731|26167
196568|24349
193006|23941
190220|23897
177246|23536
198769|23682
172010|16772
175404|22956
172495|22755
176635|22390
171785|24224
222208|26167
188174|23703
182028|23469
136961|23075
169448|20259
125919|22418
198397|25081
94136|25082
224128|26637
181217|22901
174814|21981
199325|24665
118233|18223
195865|24353
131748|24801
105433|24562
188773|22874
175235|21698
217929|26180
212928|25636
185379|23367
166048|23809
177342|20259
175313|25033
193418|24092
221657|26174
121962|26243
206486|23295
199784|24588
181092|22767
174060|25126
193582|24037
184556|23333
121930|24230
221871|25774
227492|26400
172839|22536
176403|22850
185204|23157
181597|23424
174886|23090
120284|25526
175949|23128
171365|25716
175632|23105
181242|23288
199329|24665
188189|23732
179988|23237
221979|26180
182680|23333
223234|26000
188086|23705
120301|25033
177637|23136
174101|22821
187800|22669
186994|23584
184581|23329
178215|23198
219177|26180
183410|21729
119601|16772
181186|23302
185295|23627
168155|22086
221406|20587
171113|22635
183060|23447
174464|22433
121930|24972
176138|25526
118647|25608
202751|23336
181085|23203
177793|23103
171573|26243
125010|23105
181122|22445
120369|16772
216787|25665
182050|23249
223683|26000
221022|26190
212023|25186
121930|22718
188012|22243
194046|23640
175325|23536
191168|23939
203587|24475
227280|24898
118743|22418
105690|22537
220474|20589
223960|26167
174697|23057
200452|24736
123278|23537
186464|23688
185722|23646
200999|24911
177734|25896
174828|23058
198659|24561
177915|24539
221831|25774
195297|23938
189697|22177
175883|22777
126075|25903
214729|25620
172867|22799
119755|22894
175991|22940
191087|23039
188446|21855
199330|24665
224454|26851
177737|26232
187175|23611
176136|25026
183368|23495
138077|26003
166871|23343
182018|23469
138516|26003
185373|23367
174160|22820
219603|26143
210379|25439
227560|26412
200967|24736
182659|23333
174046|22799
220412|26372
224494|26851
119967|24069
175317|25526
220285|20589
178589|23078
193687|23997
177174|22821
202013|24902
222585|26180
227471|26752
222580|26197
184400|23360
139971|23222
120329|23537
176321|22390
176019|22882
199181|20194
212312|25711
200981|24718
205548|23967
202515|24902
199761|24695
145303|23594
175713|23536
118426|24884
120388|16773
174467|22433
177340|25896
122859|25526
219970|25780
180170|23313
121407|22560
176136|23536
178992|23105
193498|24094
206348|24078
127896|24033
120521|16774
176411|22181
171583|25649
203266|24599
182551|25526
167896|26177
178929|23401
177915|23789
169114|22038
196528|24457
123373|22637
182071|23225
184775|23535
172312|22800
218948|26035
195941|24366
220308|26133
126911|24033
179627|23270
201859|24818
200666|24737
223966|20588
222065|26190
147917|24233
206683|25211
172160|22894
120472|23537
119969|20699
145308|21943
190014|22473
195805|24090
191513|23177
122103|23232
197092|24213
176143|23536
177328|25896
175569|23091
166061|23809
180052|22204
201666|24818
226934|27273
222428|26167
152976|23810
137260|25110
92717|22755
172384|22799
201400|22041
174175|22821
168176|26177
203293|24599
199501|24684
177915|23186
193632|26882
168176|22108
198808|24348
92591|26136
105798|24561
210811|25088
207354|24599
227732|26403
180816|23256
92746|22557
171025|16771
179691|23536
131131|25169
126343|23670
173712|22744
120293|25526
191685|23241
195822|23689
181903|23423
205872|25103
186807|25005
176201|22506
188124|23776
180235|23050
184291|23580
150750|20433
125984|23282
128317|23012
191070|23039
190006|23896
181222|23368
182273|22977
124244|25608
130980|26017
179117|23536
211658|25666
171565|21640
186885|23588
128070|23105
187621|23690
139610|22263
179253|22202
222083|26174
170977|22173
189594|23865
182861|23396
181450|23313
125462|25033
185723|23646
171554|22772
171785|25268
174120|16772
103689|23158
179048|23078
174049|22799
177422|23186
185769|23646
183340|23126
221017|26190
207713|22246
194646|24193
182713|22203
203272|24599
191963|23997
183614|23303
109617|22621
218781|23741
137253|23075
186802|25738
182868|23396
171087|16366
168190|26177
225055|26590
187373|23597
173372|22821
195243|24246
190146|22854
120488|23537
177532|25268
214449|25620
197147|22893
196821|24433
185819|23651
173500|21966
133577|23315
171113|24967
207927|25118
181933|18031
178197|23137
123442|23097
179595|23118
173937|24791
211666|25666
222873|26449
179762|22204
171384|23140
176450|22778
187890|22874
176185|22502
209136|24437
220424|26174
178340|23233
120478|22896
218485|25672
198948|23270
122880|22894
98683|23655
220202|20589
195157|23938
117934|23793
196831|24433
176307|23888
178717|22877
190507|22874
177291|22506
189749|23724
121624|25651
205586|19911
120497|22894
170996|27031
181879|22389
125878|22813
209683|22382
183335|23126
220610|20588
179955|23296
176147|25026
179095|23095
192037|23539
205685|25565
221865|26197
182362|23374
183611|23303
180796|23256
92814|22755
217834|26190
96378|22558
119390|23730
139889|23015
183014|22216
223050|26461
174422|21978
178834|23078
126799|22565
183473|23361
175463|25026
175159|22520
127537|24033
181306|18031
224473|26995
222057|26180
199253|24652
171405|22720
167835|22108
97400|23767
170998|27031
145393|23594
139873|25715
174790|19878
123442|25526
185966|23470
175854|25126
182042|23257
173900|24791
201418|24777
179122|22170
114418|21640
171113|24236
187065|24204
196747|24492
221648|26180
220344|26190
222551|26361
181326|23362
193686|23997
212321|25711
203822|25018
181687|23224
221049|26180
174306|21885
86323|24094
123435|23097
222323|26167
175952|23128
219125|26036
218782|23741
220126|26206
177422|26003
221809|25774
176402|23097
205633|25100
205013|19878
227691|26423
194722|23432
197645|24532
207090|25223
222145|26248
183358|23126
184775|23534
225116|27201
218894|26180
118746|22418
179793|23299
126075|23768
177652|23103
127889|24033
200646|24737
215780|23382
221246|20587
173708|22799
168815|16772
179222|22188
177430|22884
137380|23075
209059|23001
127783|23314
218739|23741
122107|23249
121624|24228
190180|23898
172575|22763
131787|23670
118523|16777
176479|26333
179079|23234
182715|22203
177339|25036
219177|26036
147918|22713
149939|22535
194000|24356
203621|24494
201602|24812
182322|23013
179725|22562
184436|23512
192726|24911
172590|20588
223740|26000
120322|24015
156345|22537
204571|25014
196990|24349
193185|25526
118600|23232
191617|23991
184903|22024
227216|26752
177340|25036
181224|23368
177734|23183
184696|22842
174134|20588
188129|25005
184878|22177
176147|25526
118407|22418
222197|26190
189012|22109
205392|15741
191381|23241
125806|25584
226739|20588
175077|22518
133577|24537
176458|22778
122464|26641
185976|23606
209055|23001
120555|16772
214733|25620
184138|24777
92677|22755
227536|26400
193012|23941
198998|23865
208673|22557
201447|22041
226326|27273
222296|26167
196466|24244
221483|26174
175516|22800
150880|20684
176202|26177
181211|22901
178456|22183
190968|26882
183484|23361
190454|22764
122615|23537
120298|25027
227372|26752
120341|25526
131269|25169
207965|25723
189136|22874
186816|23690
196235|24303
206837|25212
223693|26000
202405|24890
227684|26423
100573|23158
121963|25716
171617|20408
195168|23938
187561|23718
139368|22263
185163|22566
120329|12623
169455|20588
205686|25112
190019|22473
183942|23540
142420|23093
97400|24678
167902|23140
201113|24801
221348|26201
177342|23347
120488|23097
176402|25526
177487|16769
193417|24038
186989|23584
124244|22418
188712|22874
169808|25772
222989|25774
176807|22390
195864|24353
182052|23249
190155|23898
125546|25027
203645|24994
223147|20259
186398|23594
180907|23329
216839|25999
197673|24536
112092|26317
138490|23789
118523|20699
186288|23447
219745|26165
137383|23076
179942|21935
120329|25526
224074|25774
212724|25771
184056|23487
185259|23375
211774|25636
147829|25526
209051|25299
177480|23620
173746|22967
123278|25033
171541|25787
205553|25097
119969|16774
120470|23537
176348|23729
178178|23137
185350|23615
166874|22760
175920|22296
198751|23170
178435|22183
212219|22445
220368|26174
186490|21943
226777|26180
188113|22212
118598|23248
131133|24737
117936|25183
182726|20684
174457|23044
176647|22390
200304|24677
120521|16773
177503|23492
171088|21640
171481|26882
188703|22874
226420|16835
145403|23594
182596|23453
189358|23865
223046|26462
201286|23919
188583|22154
131565|25697
206121|25113
130998|25169
128817|24971
204830|23712
174696|26881
120805|19925
170688|16835
200902|24720
187818|24305
131561|24231
184234|19903
189301|23724
174496|22890
169448|16769
178514|25026
185801|23543
185707|23646
173276|21696
179619|23100
167319|16769
196673|23336
205902|22906
138081|24540
172221|23462
223763|25999
199609|23890
171799|22835
174409|21978
145789|24079
202853|26346
182871|23396
184754|22177
214624|25620
227104|26419
173690|22853
227223|26752
130991|26017
201419|24777
186834|23584
225360|26174
125462|23730
131276|26017
188504|22855
193346|22759
165985|24495
203672|24863
178433|22183
96421|25300
172755|22948
175293|22821
123368|22632
171087|21753
179749|21934
175895|22951
175218|23050
173822|22758
194099|24167
199665|24670
220566|25526
204779|24887
205610|19911
171583|22809
93509|22755
123435|25033
138649|23186
167701|22108
175584|22673
181605|23423
171583|24967
223854|25999
199319|24668
199531|24468
120026|16835
166595|23701
177328|25036
179066|22621
187840|22214
213608|25730
118602|22894
184276|22025
210779|25299
196653|24487
181552|22389
197292|20196
227019|26544
138104|26003
125462|25526
183971|21851
219724|26164
138516|24539
136808|25027
177532|26243
114418|23972
150899|20408
171376|26881
112542|26037
194730|23432
185667|22766
222541|26174
175713|25026
213661|25730
205768|25103
120454|25033
222356|26000
182333|23015
188126|25738
176731|23003
171783|24966
102040|24561
199228|24545
190718|23041
220033|26193
133679|22980
121930|25702
119601|25544
200267|24579
127905|24032
176792|23003
169364|16769
173746|26303
226375|26565
222009|26248
129856|25820
166942|23343
178245|22767
224611|26851
178265|16973
178820|22190
214369|25204
187179|23400
122887|23232
196271|22558
184314|23580
196765|22828
178461|24622
171121|20667
186519|21943
190076|22854
125430|22813
186465|23688
168899|16772
200017|24235
221892|26000
175830|25027
188143|23705
171583|22775
204824|24793
181203|23261
131279|26017
176598|23144
176354|25526
119739|24069
189810|23325
192730|24911
122990|22896
192802|24911
179655|21934
192208|23613
187113|23584
125700|23232
175323|23095
192386|23590
171964|25061
137328|23059
205866|25564
201460|24818
220425|26174
175877|22778
227674|26423
223432|26000
224000|26000
150783|20408
190045|23376
121256|24227
189491|21852
192804|24911
201254|24717
199997|24562
129769|22755
224065|26662
227297|26752
172975|22950
184227|23580
93525|22755
223520|25999
180518|23207
119500|25204
191967|23997
200194|24669
125047|23105
183271|23463
221372|26174
176839|23170
121235|24973
194613|24254
177246|23729
180943|22767
185280|23627
219455|26133
227803|26752
199973|24445
176014|22882
181997|23313
174296|22821
179104|25526
120293|25033
171964|24965
117918|25110
184761|23591
214991|25769
224232|25999
173457|22900
148274|22827
222673|25830
222468|25774
130976|24737
168484|20259
203291|24599
222447|26167
176161|23144
180926|23254
193345|22759
174626|24300
197971|22907
185478|23615
178469|23234
122182|23248
217940|26180
178636|22170
224491|26851
192712|24046
210258|25585
224496|26851
200629|24654
182145|23492
207099|25222
199706|24468
175439|26882
188044|23702
133571|22982
179122|24941
183212|23190
120521|20699
220171|25268
221881|25774
128804|23670
179146|25033
179217|23233
185494|23644
205516|24997
175464|23095
184741|23532
186390|23489
214705|25620
178741|26232
181445|23313
227647|26400
184990|23611
212510|25514
198720|24618
169697|23967
180172|22122
197457|22177
187276|23595
140011|23169
206379|24611
174051|22940
184019|23457
226939|27273
227121|26400
198386|24348
184586|22164
169824|20588
177590|26232
220454|26372
120301|23730
175551|23536
168191|26177
174956|21978
176347|23536
184741|23535
194830|23241
176610|26324
203099|24975
186960|23690
131565|24973
172465|22813
225511|27121
181409|23348
172926|22721
179898|23238
182535|23536
176201|22502
209705|25321
114418|24679
212866|22861
166873|23343
205579|19911
186403|23594
208396|25339
223111|26167
187825|22214
218462|23741
175551|25033
170978|27031
175317|23536
185799|23649
137903|25442
221260|26180
181519|23302
214350|25782
108823|23669
185258|23375
182649|22122
222761|26174
223738|20587
177293|22509
215008|24777
171717|22830
119606|20684
197866|22595
220924|20588
181916|18031
197348|20196
167681|26177
130575|24725
98923|23994
201974|24902
226937|27273
178351|23729
189093|23852
174439|23044
182052|23232
171075|27031
200401|23348
221258|20587
223880|16835
179574|15741
120555|20589
200531|24736
225100|27039
145259|21943
176681|22202
182404|23013
178397|22170
121240|24228
195851|24039
222047|26248
135798|25033
172236|21698
225948|26763
208212|25279
125806|23017
179985|23296
169999|26581
225107|26167
144208|21935
178522|25526
184741|23534
174158|21885
145660|23594
178514|23095
199196|24651
200007|21640
198175|22024
125919|25608
195865|24348
134199|23646
182082|22845
206547|25184
123368|25716
200594|24654
175437|22800
201501|22041
179554|15741
198729|24620
168015|20587
172036|22408
185275|23627
197754|24310
220823|26180
189580|23715
201121|24790
211252|25747
179155|22190
167729|23140
181314|18031
124718|22557
197355|24966
201983|24902
174453|23046
186847|23584
173920|26303
176148|25026
127164|23766
222394|26174
227686|26423
175065|22518
172318|22800
191526|23038
179602|22562
185411|23626
180961|23313
208165|25299
175551|23729
171964|22630
212249|25748
184982|23611
183495|23361
197721|16835
198708|24348
195511|24333
193000|15494
97523|23283
181164|23302
176010|22882
198303|22860
207212|26332
222221|25999
192297|24020
205470|19911
194497|21250
205494|19911
223596|26174
186886|23588
182669|23333
185558|23081
223952|25999
221814|26197
202040|24902
195571|24213
180883|23313
172891|22909
171783|24224
178885|22188
222192|26174
197991|22907
179549|23095
203206|24599
206579|25196
184760|23591
123671|22842
184692|23376
184586|23492
188955|23241
181367|22412
173509|22900
131271|26017
199257|24652
204776|24887
221806|26000
195298|23938
136961|26267
182407|23013
171541|22772
211938|22190
214963|25782
118407|25608
178542|22190
172106|22869
204069|24579
120302|25033
125455|23537
199705|24468
179104|24015
198007|22907
200146|23919
227496|26400
222861|26167
179667|23313
227276|26752
139873|24229
193748|23561
127152|24031
217833|25456
224498|26851
121240|22716
226279|26000
198587|24348
178924|21965
220730|20588
175322|24015
225140|27107
179579|23316
227562|26412
120333|23097
193668|24036
212226|25747
175830|23730
223185|26000
209702|25321
178751|21965
137334|26267
187028|23690
179386|23100
142462|18051
223011|26113
221671|26174
171583|24225
167899|22108
180840|21814
172813|22800
180582|22983
184859|23539
199750|24695
143308|23487
168975|20588
227734|26403
173022|22800
218772|23741
146296|22769
206634|23682
171025|16835
199249|24652
172547|22762
223973|26180
192415|23985
184920|23392
131562|25697
213201|25812
194883|24246
205361|25081
220797|26256
175464|23729
191339|22473
178269|23137
123431|23730
200598|24736
168899|20261
122181|23232
220136|26206
182535|23095
176348|25033
203825|25018
122859|23537
224340|26915
126456|23017
208410|25299
174426|21978
184017|23457
192637|23590
198393|24348
123372|25268
205475|24997
171551|25648
191805|22025
195828|23689
190752|22195
203205|24599
203401|24474
171574|26243
176249|23146
130472|23266
178051|23136
182090|22845
184230|23580
173941|24791
172897|22909
127112|24031
122626|22896
190118|23214
217976|25950
175469|25526
120934|16928
207497|25265
187908|23734
130714|23012
184307|23580
148782|22900
183702|22974
168809|26000
188156|23703
227334|26422
171108|25649
203547|24493
147918|24231
189214|23713
185092|23578
223059|26461
200308|24694
206371|24961
181602|23423
185105|23729
173755|22967
126596|25764
202169|24783
184566|23360
135798|23730
175935|22815
201682|24818
178265|16772
175006|22889
176138|23729
134533|24093
207718|25827
124350|22418
178522|23536
187021|23690
197777|24213
203096|24997
193659|24036
174846|24537
200567|24447
137037|22085
179235|22186
173748|22967
219075|26097
219841|24860
171859|22408
122136|24233
197652|23865
125565|25584
187846|22214
181513|23257
205799|25103
227678|26423
207615|24078
192747|23985
222016|26248
173503|22900
183697|23714
225952|26763
212354|25664
191548|15464
198514|24348
221298|26201
166004|24495
222514|26167
140017|23170
202859|24793
125611|23537
205063|23920
201813|24833
169335|24213
221381|26174
123368|22633
185289|23627
223941|26000
224522|26851
173500|22900
168740|23967
173767|22853
197554|23942
177364|22507
120329|25033
194822|23494
178619|22170
182333|23013
173927|22554
137090|26267
200885|24719
205566|25593
176568|23003
176048|22297
177110|23136
175464|25526
209923|25774
198829|24181
177762|23103
227247|26752
148274|26233
193479|24039
125460|23730
206768|25203
202357|24783
220625|20589
202512|24890
184205|23514
178551|22190
121963|24966
199552|22161
183009|23206
175249|22518
181676|23469
177764|22906
225155|20589
196616|24474
185658|23646
177366|22507
131318|26017
209637|24805
179184|21851
147918|22629
183659|23544
175791|25526
224532|26851
171108|24236
120341|25033
165998|24495
203188|24599
121256|24234
131133|25169
197997|22907
223200|26167
122352|20259
201481|24810
219036|26092
180121|23137
190261|22458
211526|25568
185961|23669
167687|23999
126768|23670
172560|22408
205416|25088
198946|23270
220171|26243
186460|23485
216061|25928
201474|24818
166965|23343
122615|23730
223071|26435
96829|25027
207060|24434
186807|24306
219977|25780
200891|24719
126574|22714
195778|23982
179117|25526
221785|25774
191549|15464
196573|24349
188323|23815
131562|22826
223699|25999
179360|23206
123442|23537
181511|23257
165887|20699
200751|24772
147917|22719
193223|24356
201991|24902
219295|26035
220381|26174
143467|23580
125617|23730
221792|26197
126760|23670
179617|23100
185963|23669
196078|24242
109003|23232
154821|20684
181329|18031
199016|23329
198594|24348
196857|24493
187387|23597
120293|25027
197113|23498
220833|26180
124221|22349
200199|24669
177339|25896
171088|23395
175752|24521
193681|24041
209411|24805
215501|24677
175343|23094
212719|25771
183352|23479
196979|24244
176300|23012
224492|26851
167351|20588
218431|23741
175497|23729
168206|20879
226821|26544
189303|23724
175260|22521
220265|20588
177479|23620
190843|23310
171551|22772
176476|22850
190331|23895
221823|25774
166876|22760
207916|25118
212842|22558
206581|25196
168157|23140
226946|26565
197334|20196
186802|24306
182535|25026
227725|26400
137333|23059
177211|22764
181269|23288
176202|23140
144177|23558
186843|23584
206836|25212
181928|18031
221531|20587
137258|26267
199760|24695
178473|23234
178144|23241
166817|21727
202586|24523
197509|24283
125460|25033
171106|25649
200942|24783
139102|23076
169364|23347
206016|25564
173298|22409
199466|24677
227027|26412
199619|24658
179691|25026
97505|23283
180648|23325
226204|25999
122865|23730
220648|24859
194714|24196
190659|22213
202053|24902
182254|23348
184909|22177
121930|26233
122140|24234
193185|25027
144934|23259
131271|24737
168899|16773
179684|23536
125468|23097
199573|24686
93680|22755
173939|22880
179104|23095
122703|22560
175323|23536
169156|22038
194983|24213
201492|24810
183680|23714
176185|22510
208395|25339
147918|25697
173225|22758
177342|16835
125611|23097
175320|23729
130997|25169
183915|23514
183380|23177
166003|24495
224567|26174
200087|23382
120302|25526
214382|25204
214736|25620
175819|25126
171088|16195
192417|23985
93490|23283
193184|23397
131276|24737
222477|26167
178201|23137
185493|23644
183479|23361
175527|25126
181121|22445
202282|24783
136808|23537
184039|23488
224596|26180
174881|21870
224990|27201
171108|24967
218440|23741
189225|23712
196579|24349
184443|23512
168415|23347
188534|23455
200114|24711
119601|20261
130998|24737
191386|22669
137380|26267
188795|22874
120478|26400
145459|21925
184673|23539
186307|23266
194524|23745
175566|22851
125617|25033
207540|24599
221689|26180
212013|24802
199583|24468
196149|23258
173724|22799
187071|23700
180804|23313
123265|24884
201774|25126
194898|24246
218906|26036
200053|24727
166009|25027
199217|20194
177364|22502
200025|24235
124354|25609
194497|22960
200306|24694
109003|23249
203546|24493
185506|22565
175752|23315
179684|23729
169224|22038
223556|26245
97526|23283
211130|25636
196693|24491
144132|22418
204654|24887
211252|25748
169999|16835
214365|25204
120472|25033
137148|23076
183132|23045
171972|25787
208545|25299
175325|25026
222295|26167
176407|22181
186103|22208
142844|23162
168815|16769
223821|26610
174645|22038
183140|22657
200870|24717
186363|23594
124221|24884
183402|21729
205637|24911
194884|24246
202286|24783
227309|26752
180851|23256
205412|25088
211993|25686
218605|26097
171551|25787
224066|26648
149076|23303
168740|16769
175147|22518
168157|26177
170978|22173
197116|23498
168939|20588
137037|26267
173043|22853
176452|26324
123435|23730
172403|22888
227305|26752
181326|23724
180188|20587
182582|23453
176244|23146
219159|26093
222017|26248
201360|22041
209632|25442
183574|18031
145253|21943
203124|24894
128817|22717
170426|22222
120322|23097
179948|21935
178569|23078
178093|16772
186366|23594
137097|23059
171405|25764
125455|25033
193312|23333
183896|23540
224127|26637
214061|25861
219378|26133
219002|26067
224567|26167
126904|24030
174084|22799
187165|23682
186813|23690
227715|27121
143096|23367
182495|23125
124073|22418
177865|22159
199178|20194
175386|23276
134199|23647
174764|19878
173920|22967
206040|24997
225968|26760
174067|22940
134420|23094
184510|23360
176347|25026
189501|18413
177430|26332
173907|22554
177729|23183
120881|22890
186950|23690
169087|22038
193562|24094
198051|22907
187339|23611
205496|19911
137383|26267
203142|24599
223999|26197
183064|23397
206684|25211
181496|23303
120481|23537
171554|25787
176491|26324
202939|25000
182391|23445
175320|25033
131269|24737
184962|24675
176143|24015
169335|26462
178351|25526
185334|22025
212652|25726
120333|25027
172581|25608
148274|24973
174935|26267
179117|25026
219916|23997
188493|22855
200922|24783
173232|21696
223179|20588
100315|25005
182707|22203
201565|24818
203483|24492
154821|16774
187431|23682
171093|22761
206116|24880
220564|26174
199529|24468
195541|24335
175934|22853
120284|23097
137390|23058
222008|26248
213473|25185
192802|24497
220139|26206
177919|22767
171113|22634
225343|26167
209861|25522
174527|21870
219650|26134
168757|16769
172917|22909
178050|23202
127684|24031
100315|24305
220075|26198
183489|23361
219295|26180
201216|24836
206784|25203
179691|23729
166946|22760
189417|23788
179146|23729
124713|20684
221553|26180
205633|25564
175320|25526
224139|26767
219649|26134
222535|26000
182088|22845
221394|20587
180115|23299
222860|26174
200898|24720
197912|24495
201528|26017
175322|25033
171870|22409
222311|25999
171087|21640
179117|23095
178335|23233
171145|22174
139873|22833
225295|26167
180729|23328
177973|22202
121550|23093
186646|23489
172747|22948
189974|23896
199608|23890
223659|26174
196926|24494
174846|22982
134652|23767
183232|23190
227249|25827
200783|24497
119606|16772
208098|25153
191691|23241
199007|24620
174793|19878
199601|19926
173907|24791
228144|27380
193575|22759
186468|23688
223242|26167
208600|25279
194233|23997
219592|26143
173435|22038
223012|26167
121256|25704
208242|25153
224272|16772
136919|22085
205402|25088
175147|22521
182535|23729
193535|24136
185413|23626
211550|25446
221652|26180
176001|26346
200095|24675
120481|25033
209121|24432
125012|23105
221942|26248
178460|22876
137414|26267
101908|23158
176225|26324
147005|22769
185388|23626
203140|24599
197142|24483
166875|22760
190593|22238
208368|25348
205531|25096
192364|24047
202854|24793
209918|25522
218438|23741
123265|22349
190047|23392
166215|23809
136957|26267
174591|22880
224537|26851
78409|24515
122859|23730
188081|23705
180994|22122
150902|20408
120332|23730
206666|25211
171612|22776
180510|23261
192625|24028
202996|24805
175489|23095
167719|26177
220105|20589
176249|23144
222525|26167
197728|23455
223636|25830
180542|23288
200802|23689
176225|22777
171799|24974
181436|22767
117850|25110
198416|24545
176201|22510
221944|26248
193110|23890
221642|26242
188973|22874
174861|22434
137421|26267
206737|26422
173900|22554
200911|24720
178605|21968
200082|23382
185139|23376
183680|22657
203389|24994
174775|23044
186302|23447
180683|22984
177661|23103
178356|25026
178829|22190
178254|23136
181083|23308
207565|25277
176138|23095
197289|20196
183336|23126
225027|26174
179911|23238
172670|22763
192188|23539
123431|25526
222740|26000
169487|20258
176437|22366
182649|23226
123373|26243
178577|22621
122878|23248
179903|23238
136967|23075
185298|23627
184750|23539
193919|24165
186819|23690
176027|23105
226538|27185
203578|24994
177326|23183
175288|23303
123372|25649
208648|25348
105432|24563
201179|23455
180249|22122
177267|26003
186645|23489
206597|25196
184182|23540
188140|23705
184154|23514
130991|25169
187710|23374
184449|23299
219681|26133
177326|25036
191166|23939
182437|23333
211450|15810
120521|20684
222004|26248
100315|23776
200150|24723
179993|23237
224283|26641
172888|22909
203218|24599
207689|25277
142869|23170
119606|16773
121962|26208
167880|23140
181234|23288
226720|26883
171160|22760
197290|20196
226686|27031
225038|26882
185994|23302
204577|25014
192384|23590
200102|24675
180678|22984
183189|23256
174266|22762
171717|24227
174985|22434
134732|23767
122764|23248
183687|22657
185105|23095
131609|16910
192253|23251
209902|25299
178494|22188
222941|25999
205722|25103
120322|25526
222981|26180
196532|24478
184994|22177
205596|25563
183637|23303
181545|22389
175357|25039
176147|23729
176344|25526
173362|22758
205855|25122
207580|25277
202796|24894
226002|27121
217633|24906
180518|22531
178855|23078
185819|23650
178246|23137
195717|25033
196960|23724
221845|25774
184789|22178
152946|24495
196788|24303
174051|24791
186942|23584
175713|23729
219677|26134
192737|23985
182050|23232
179795|23300
176416|22181
224345|26956
176450|22777
120307|25033
185534|23336
125498|23017
171156|16835
219688|26152
177572|23536
177503|21814
171365|24224
183736|23361
123368|25268
188134|23766
203573|25076
125421|22813
197857|22520
122615|25033
219597|26143
122632|23972
124952|24069
180289|21931
187151|23790
186924|23669
180859|23254
184848|23375
143330|23580
176763|22367
188219|23251
192550|23590
199140|20194
129996|25820
224311|25999
222455|26379
184223|23580
117823|23793
173155|22799
221230|20587
130998|26017
183951|23560
216173|23669
221567|26180
199447|24678
204563|23455
192414|23985
198548|24545
183817|21814
227346|26752
206318|25126
223037|26000
175322|25026
205622|19911
199733|24670
227701|25299
171785|24236
125056|23105
146493|22769
206125|25103
188710|22874
177138|23153
185293|23627
186826|23690
194660|22216
201024|24718
225969|26760
124338|25609
208666|25310
228189|26167
199774|24670
208777|25299
188150|23705
193123|24356
177532|22832
176021|26346
193816|23597
195338|24320
171050|23328
207569|25277
176825|23055
208189|25299
224140|25774
180328|22983
180417|23263
207555|25265
171196|23170
195814|23682
189131|23788
173333|22821
176148|25027
179428|23223
125455|23730
185789|23646
219391|26133
222884|25999
179752|21934
175497|25026
185788|23646
181662|23259
165887|16835
101701|23159
185887|23646
172066|22409
227455|26403
173110|22758
171573|25649
175912|22296
215771|23382
227283|24898
137305|26267
225936|26763
92766|22556
222619|26435
219122|26036
176003|26346
184502|23360
121556|26016
121538|23537
176049|22297
174786|23046
182755|23333
126227|25584
190139|22854
172323|22906
222361|26174
196843|24911
193928|24165
201561|24818
171783|24236
193580|24037
168206|26177
210248|25573
175322|25028
192823|24041
137305|23058
123372|24967
187501|22473
206130|24446
195293|23938
182018|22122
179095|25026
191484|23676
190746|22195
200224|24669
217829|26180
201234|23455
206737|22560
176458|26324
191717|24303
124713|16772
227532|26400
175551|25026
197081|23498
188321|23815
186953|23690
194264|19383
177572|23095
192905|24042
175464|25026
166009|23730
183331|23126
168492|16772
225843|26761
180555|22983
187065|22024
200745|24772
182917|23477
221017|26201
206637|22906
137023|26267
175152|22520
190193|22474
205404|25088
174832|23058
184145|23514
171717|25704
220138|26243
176136|24015
228143|27380
185974|24069
222272|25999
123431|25033
137424|23058
189771|21859
118490|16910
218775|23741
183563|21728
200919|24720
220033|26243
207583|25277
171799|22836
177422|24539
195717|25027
185481|23615
183272|23256
203818|24895
183684|23714
180680|22984
169245|16769
187061|23701
172948|22885
195320|24213
118600|26400
108842|23669
171108|22634
171365|22633
178356|25526
219096|26093
100587|23158
186347|22445
175357|23091
220905|20588
208672|19911
196848|24493
100009|23655
183670|23368
125455|25027
205443|24997
218448|23741
220280|20589
173944|22967
120302|23537
177487|20259
125462|25027
227513|27273
224538|26851
200293|24694
118523|24069
177811|23183
189324|23862
200542|24736
126596|24232
126157|22813
172432|22535
200040|23348
176689|22202
137987|24881
171088|16854
124335|25609
175953|23128
185002|16772
176138|23536
178802|22190
168592|23056
150801|20408
179737|23237
211304|25313
190951|23677
189765|23724
227273|26752
202706|24929
167320|20589
190059|22854
180456|23203
187986|22243
211375|25665
219245|25178
206046|24997
178133|23136
188021|22243
200783|24911
184040|23488
200296|24694
181032|23305
172274|22800
219639|26152
194670|21855
186552|21943
119969|16772
182917|24622
179549|23536
183214|23190
222776|26174
185472|22766
207206|22177
176138|25026
201274|23919
169301|23796
192058|23382
184228|23580
105142|23159
208395|25442
226741|26391
196807|24349
208249|24946
200505|24654
175313|25526
175485|25026
193404|24038
220412|26174
227254|26752
183390|21729
143515|23580
171717|24969
146414|22769
173018|22800
181798|23119
220130|26206
187112|23584
181176|23302
224257|25774
178161|16769
227029|26412
196077|24244
135798|25526
178397|24091
196954|23724
181093|22983
200023|24235
167895|26177
120293|23730
125424|22813
193399|24038
172404|22888
188126|23776
185017|23348
182607|23288
200408|23348
191157|23939
178491|22188
201714|24881
123373|24968
175052|22518
196663|24487
179059|23078
168415|16773
205776|25122
217926|26180
213217|25812
194211|23561
205877|25103
193427|26881
219551|26133
184319|23580
219249|25178
194118|23809
222761|26180
198565|24435
176675|22202
194959|24250
187743|22778
182093|22845
191555|15464
177291|22502
123977|22418
184439|23512
204543|24994
205491|19911
174120|16774
219366|26134
202209|24911
220618|23967
121356|22894
138671|23186
205489|19911
177558|22284
120293|23097
176055|23136
190636|23040
171554|24222
190204|23897
172943|22885
183267|23463
122181|23248
198329|24462
184696|22565
198588|24348
173049|22951
172820|22885
183571|22122
182073|23225
121963|24224
214453|25620
206583|25196
121624|22776
170688|20699
172192|22535
186264|23447
220578|26180
191678|23991
200467|24736
195516|24334
171147|22174
219919|26135
125546|23097
181807|22122
172587|22762
197723|22861
192064|23382
187012|23690
121256|24969
171835|22569
121963|22632
120454|25526
175021|21978
196124|24242
227434|26752
182242|23348
96829|25526
146415|22769
188875|22874
196862|24493
131562|24233
171783|25716
223711|26579
186404|23594
137037|23076
125554|25584
174950|21978
120555|20684
174962|21978
180841|23313
174954|21978
179111|23729
168484|16835
201528|24737
212564|25756
97400|23088
175270|22520
182365|23374
227480|26400
130055|22084
121435|24678
210574|25318
202697|23093
177532|25716
175854|26881
178396|22170
131282|26017
179095|25526
195624|23455
212019|21475
223471|26000
182972|22204
166068|23809
217834|25456
174769|19878
205909|22906
199671|24670
122464|22558
202818|24780
182152|23348
109128|23669
176157|26324
173324|21696
175666|22628
181111|23309
190248|22458
173131|22949
131561|22826
179345|23296
219340|26133
195468|22764
209908|25299
179767|22204
226975|27165
189116|23852
185210|23157
197876|24076
211485|25625
185130|23544
169448|23967
188539|23826
182620|23454
131561|26233
193836|22984
208546|25299
177644|23103
183188|22767
221827|26174
125460|25027
226014|27121
173394|22821
220981|26180
171792|21753
193619|24092
176092|22620
128545|22813
194910|23463
225037|27039
145467|23595
180430|23203
225402|27030
171025|20684
199970|24445
227497|26400
170177|23967
184723|23534
210576|25318
226000|27121
180531|23288
201015|23682
133699|22982
175687|22851
169999|16771
221790|26197
171108|25268
204804|24887
200010|25608
227017|26544
184708|23393
118490|20261
193424|24865
209694|25321
174594|22880
199201|24651
176347|23095
211603|25625
125891|23017
220400|26174
187892|23731
166009|23537
131127|24737
146401|22769
123166|22896
179793|23300
184310|23486
171087|23345
76592|21696
138104|24540
122865|23537
185369|23367
125817|22349
224596|26190
177345|25896
184835|23206
179560|22200
201268|24721
118529|24069
137314|25110
177328|23183
214690|25620
168415|20261
173748|26303
125617|23537
150764|20408
196917|24494
147918|22719
219644|26152
202704|24929
173733|22967
175439|25126
172669|22409
100571|23158
130980|24737
200556|24736
174012|22764
181337|18031
198566|24092
171145|27031
177729|25896
187116|23669
222637|26167
171615|20408
137334|23075
179864|23119
120302|25027
183227|23190
172610|22620
175877|26324
177864|22159
173655|22853
167899|23999
198400|25081
196951|23724
173778|22853
184343|23580
184390|23542
182478|23446
137028|23059
223648|27216
201323|24818
205929|25096
167687|26177
219356|26133
179095|25033
179110|26232
140512|23249
207554|25265
189427|22582
226161|26760
197975|22907
219159|26180
184448|23190
223166|25999
92708|22557
193647|24036
193621|24092
195018|23677
170550|20589
177777|23136
175317|23095
223945|26167
125502|22813
186090|22118
177345|25036
224014|25830
219504|26133
185507|22565
196843|24497
214614|25620
182626|23225
220136|26243
200923|24783
187823|22214
221986|26174
172967|22950
92718|22556
223465|20589
182845|23333
96440|23271
175819|26881
222738|26190
221929|26190
171451|22569
176161|26324
206339|24586
173203|22800
185849|23485
210346|24772
181033|23305
176379|23128
121256|21744
188099|22212
219534|26133
131562|24973
195117|24213
92801|22556
217716|24906
186319|23594
198501|24348
188488|22855
194647|24194
177267|23186
96824|24015
195568|24213
169160|22038
178356|23729
222120|26190
208544|25299
186650|23489
120333|25033
219350|26133
221923|26174
201855|24818
189472|22582
92807|22556
188500|22855
187309|23731
220697|26201
205581|19911
118438|22350
212205|25636
189379|23788
222503|25774
171785|26243
172486|22535
205080|24887
150306|20699
184890|23610
224269|25774
205106|25018
154821|16773
165887|20259
188879|22874
199101|15464
181313|18031
122051|23248
181569|22190
222680|20589
171541|25648
168492|20261
123234|23232
199061|23248
180115|23300
206324|25157
181381|23299
174594|26331
198010|24461
185184|23628
172940|22885
122051|23232
221416|20587
219067|26097
177295|22506
168815|21643
227835|12540
197507|24283
122255|23232
176053|22521
181397|23256
168740|20261
199994|23256
137314|23059
178721|23078
177381|23169
123671|22565
171982|22799
181676|22122
122865|25526
209399|24805
96824|25526
167868|23140
184922|23392
177342|16769
124350|25608
190022|22473
176348|23536
203278|24599
200430|24736
180722|21934
121963|24236
204980|22089
171554|22807
224004|16769
223795|26000
118723|22350
120977|26641
202201|24896
187105|23584
215239|25672
206332|25100
176654|23055
182504|23125
223182|26190
92713|22755
122878|23232
225051|26590
147918|26233
177678|22159
175159|22521
178522|25026
143659|23580
174785|23044
177366|22502
181096|23309
175544|24865
173255|22620
186842|23584
100578|23158
173716|22744
188134|23768
186350|22531
170153|23347
215299|25620
188060|23650
105799|23158
179212|23233
218747|23741
179739|23296
178199|23137
131017|24737
169221|26312
200137|24669
173864|21981
119865|24639
172964|22950
205740|25114
189812|22385
184156|23514
203423|24487
224970|26167
200097|24675
176148|25526
177345|23183
193681|24042
131561|24233
176895|23153
227462|26403
177364|22506
179085|26232
171075|20433
171438|22569
218910|26036
201499|22041
171574|25649
169177|22038
176946|23153
175527|26882
212293|25664
130997|24737
184056|23488
223661|26000
117904|22084
182839|23448
187911|23734
122140|22834
220827|26180
182359|23374
131562|24231
177729|26232
125040|22956
172986|22950
221535|20587
166007|23807
188040|23702
205907|22906
208551|25299
122869|23730
130981|26017
120977|22896
185547|23647
176490|22628
169800|20588
175607|22800
184546|22164
172460|22800
184836|23328
179095|23729
223717|25999
175600|23095
122096|23731
170203|20699
168899|20259
183628|23303
178138|23137
177328|26232
121550|23470
222864|26167
120764|22537
222976|26190
161961|21870
223439|26177
226787|26391
207458|25118
202499|24437
169301|19468
222392|25999
212021|21475
173321|22620
125460|23537
224878|26851
185606|22566
201266|24721
176161|23146
186395|23594
198382|24365
194096|23959
183780|22984
127281|20839
178748|21965
171551|24222
145301|21943
228157|27278
123372|24236
206499|23295
174845|21981
120026|20699
