11475
13158
13256
13230
12806
12801
12696
12333
12575
12661
12520
12438
12580
11407
12995
13494
13474
13627
12351
13495
11736
11532
12698
13255
13485
12529
12490
11788
13396
13214
12408
12443
13659
12861
13257
12253
11958
13606
11271
12528
13261
13689
12895
11342
12198
12432
13483
12455
13734
13047
11353
12407
12456
12675
13481
12782
11412
12507
13622
12429
12228
12519
12699
13161
12984
13646
11437
11472
13401
12501
12866
11387
13314
13662
11364
12572
12942
13249
12340
13578
13262
13482
13580
10372
11793
12642
12618
11848
11339
13086
13083
13225
11324
13298
13152
13221
12941
13254
12951
12908
13090
12542
11355
13240
12925
12562
12285
12924
12536
12914
13149
12138
11344
13522
11993
12106
12939
12300
13297
13369
13423
12603
12822
13227
14074
12460
12538
14070
13219
12321
12087
13246
13226
13583
12068
12640
12315
12467
12663
12316
13375
11424
12512
