649
1173
669
1271
9084
112678
2265
1252
821
2105
4381
114752
898
1300
2260
831
460
2345
1009
1131
4898
109481
115232
102495
109445
9087
9090
9615
786
9171
249
98863
3536
115250
4568
814
1062
221
248
4418
174
4518
2705
109451
60
733
1116
1011
115226
437
1177
2236
1004
3552
9372
847
33128
9655
4485
2733
865
9612
115253
358
98856
110314
4670
642
107440
109466
204
1059
3541
4596
112647
9792
9174
108696
9176
4082
9156
822
1030
1018
1188
1082
2703
2128
4541
2247
4486
109485
2123
4548
979
112643
2147
8864
74
2704
4064
1305
9666
8847
2238
813
4076
110313
2686
9377
4468
9172
4503
1016
9658
114757
658
127
9669
1251
85
1119
4040
464
8859
2695
4513
2222
9167
4080
215
109448
4571
175
9662
112675
3544
112655
112637
178
467
2223
109454
109482
9333
8870
9177
102496
1189
8862
964
461
1038
2074
1619
8720
109457
236
1615
564
9332
1125
891
9289
808
892
991
8866
8794
98879
9178
4557
4760
2274
4741
176
848
820
644
343
2206
1149
1182
109501
4066
4676
1639
954
1533
1146
115283
2266
2256
9793
2719
227
1129
1
9175
9651
3543
114753
114737
2716
810
112635
1298
1214
8871
1032
1086
1003
4382
1120
110
985
4666
1215
2198
3539
115229
98878
1306
78
114743
4671
651
328
9371
2233
2732
4397
1012
2231
9676
8717
9283
132
4533
213
8716
8783
98871
102470
4483
482
115282
1159
1170
2263
111
852
109446
2066
661
2240
362
1301
597
1123
1041
326
128
4039
4464
524
220
1570
9055
109459
83
1144
9791
2726
462
39
1044
112654
2194
9033
2195
341
1092
1653
9163
4490
4539
602
143
112666
112639
8865
807
2697
1314
4058
2130
1674
14841
2065
4536
438
1148
2242
9180
4668
955
1490
405
2685
2237
2107
2257
523
1014
4419
9376
2711
9373
9374
1626
8985
2255
130
9656
4466
8719
340
9183
347
470
59
650
9678
9293
677
2118
1649
1020
9653
9665
441
3533
2076
4514
2713
4517
1124
655
223
52
937
4400
4902
1127
239
2110
224
112
4084
2080
107430
439
41223
102467
114741
115246
30895
989
2115
586
8863
645
2193
890
2104
1128
98835
9292
1045
2681
3558
671
1501
1178
2101
2093
1163
117
115249
2116
2224
453
1132
9664
98836
525
1133
1613
1057
1096
9660
1660
1117
924
2111
1187
879
9153
833
4761
3540
109447
1476
115254
8999
50
9663
3551
8986
109479
108695
652
1007
1516
146
4386
4635
41
353
4542
9679
73
14930
2285
662
2724
8984
115284
834
8869
86
8791
355
4510
131
2077
232
1175
9687
108697
113
1037
2078
4068
861
114749
600
2270
4247
4523
109484
114740
1217
1498
2149
2186
200
9686
433
2343
4525
112644
98862
2244
364
895
109480
226
109472
9279
2718
1158
1984
2220
4656
98860
102474
882
4657
938
8861
8715
988
457
9681
98854
660
4901
1530
109449
2127
102477
832
1150
2264
670
9062
109477
98875
107431
2216
1253
448
880
246
2211
583
653
1627
5
1475
960
2117
3545
9284
2064
4739
102481
1010
112645
231
2682
1021
4083
603
2717
1216
784
9609
9401
785
1002
787
115252
115230
109478
109456
108698
4065
406
1001
1139
2114
9282
646
9674
2261
4003
4063
1154
4420
8858
3522
1058
2097
173
112690
987
9286
109455
2267
2269
8840
4511
1563
109476
9173
4685
1017
1596
4507
9000
4512
4672
4673
9616
4594
2243
563
36946
1090
112669
112682
4566
990
9613
1644
109521
4593
3559
369
40
112677
2234
2171
1019
102468
1056
1138
9682
4899
4674
1541
673
109500
4399
2079
1015
34
2241
853
114739
107418
1089
58
1031
98855
998
2225
838
409
4071
8718
49
1137
1616
598
4049
2239
9165
1097
115269
4565
4550
109439
344
1478
8820
114746
9288
1171
4665
1098
1118
250
9668
1351
109453
4572
116172
1607
2112
38
9370
3535
8786
1136
8113
361
112656
9091
1013
109452
1176
112676
4048
2082
9654
1040
466
9164
1126
1033
9065
2245
4465
789
2731
2109
8800
98874
76
878
2108
980
2197
648
98869
9294
966
2132
2734
2249
2095
329
8785
936
1084
9088
1043
2209
2181
9659
657
112668
112646
9680
4589
1488
675
2230
475
102461
1625
4554
164
185
1647
3537
9652
9661
595
4385
639
8994
9179
4564
788
15
436
8857
4738
4056
8132
129
894
228
109463
455
997
9285
237
850
9061
1063
120
4069
1624
1284
368
925
115251
2218
1042
107441
2221
365
2098
1268
9187
102485
2262
2184
112636
247
2683
112667
9085
9400
967
2214
2146
1270
112657
2688
238
4041
4732
4546
9649
109444
1036
476
1269
112685
4590
109465
968
2183
408
2106
4521
98877
1122
98857
72
1155
1697
1088
1151
2268
184
112670
8112
109458
897
235
2200
9657
407
367
4038
112638
2289
400
1254
674
1085
4509
1000
360
9683
114742
2698
4591
9673
4535
98889
1185
1283
1479
110315
16
599
1581
114750
114758
4563
3
98868
4396
107419
116
98893
109519
357
4421
2672
115255
978
4057
2690
2219
4388
98837
9675
4070
8874
8995
965
2094
225
3560
3538
8710
596
102469
4522
893
1094
9001
2735
4534
459
2232
98876
1297
233
36
1035
109443
896
4559
2730
9086
4052
9650
2696
1100
984
2259
2668
114744
109442
116176
109502
140
4524
115245
1130
9083
4081
4014
4478
2129
9794
1099
144
2736
14
1474
8790
2286
456
4562
107435
9092
109483
172
1363
1091
4387
1083
84
2103
1983
1029
107436
4484
2084
1069
9185
4551
145
1152
4067
2714
2196
9369
109450
1621
2182
9181
141
234
1022
939
330
4556
8867
163
4380
4519
2702
447
440
860
2
986
119
356
2124
1147
835
109464
1303
107417
109467
109520
33
3553
478
1181
8841
4740
4667
1357
4467
219
641
659
1648
107412
9281
116174
1580
2226
1172
107437
851
102494
114
9610
112683
1153
366
1512
1184
1218
9677
9166
849
594
115231
112648
1145
4543
109490
4398
4553
1735
399
77
2148
165
2068
115247
2228
584
2288
2083
1028
839
115256
107438
2227
4555
836
809
1080
107429
8787
1597
2099
2248
230
112692
183
118
2199
251
214
1093
940
4015
8848
9789
13639
4675
601
177
643
9290
2102
115
98870
14519
477
205
963
2287
2217
4072
2125
9064
2235
1157
109475
4059
454
1623
116173
2131
114759
912
3542
1500
1982
672
339
2229
4686
4384
109435
1005
112686
2710
114760
2712
9184
9287
1006
4588
4549
8788
1095
4900
2201
4592
585
2067
1264
75
8849
1643
474
327
8996
1503
9375
1988
1183
37
4679
1263
4062
1477
114745
4570
1262
4669
4050
109441
2715
2185
4552
962
654
463
1186
4013
1081
4537
1650
115228
9291
363
1987
910
9790
656
837
956
4538
252
346
961
166
2215
35
2075
862
107439
4047
2096
4569
1561
4520
45033
61
4458
102497
2246
2081
112691
8793
9614
9002
1008
2063
676
2113
999
9280
48
4051
881
3534
109474
114751
1362
142
354
136
911
1261
472
342
926
3532
640
133
102488
9162
2126
1989
98838
2213
