52749
46191
63420
55690
19429
57183
49070
11161
22079
10646
58033
50794
60541
45694
45176
61560
27633
50218
59687
61119
11804
20542
63066
59518
60119
59670
54254
61566
47664
63777
63906
61670
54411
64067
63792
18419
23907
59505
43015
41451
60450
42999
62000
49072
63417
49076
22261
52667
57560
53106
55235
47508
58725
24116
62088
57051
19638
48141
58597
45263
63103
55938
61973
55425
46162
59915
59942
36238
33567
57522
47760
59931
49343
57045
46150
14630
46611
60445
62006
45778
60029
63101
59882
60478
63367
22551
47358
55451
12383
59970
23335
60435
44244
60448
57053
40764
12731
40934
60326
57003
14848
22763
60415
58932
12013
35732
45797
60430
50213
48183
