78875
79812
79345
78928
80962
89267
84854
88666
83120
82324
83119
90305
86550
88316
80247
88474
70902
88416
79016
80195
82560
89319
90388
78274
84386
85950
84678
83012
88347
81582
78418
82158
87059
78976
88637
89354
90410
85437
88141
87055
83110
85537
84731
83133
81483
78806
88494
84483
87110
80257
78300
78948
84106
79729
84725
86335
88811
83684
86688
83368
79855
78956
82956
90703
88627
85828
84879
85946
85499
88759
88195
80238
88875
79264
78347
87331
90357
91096
80073
90847
79835
89348
80252
92507
90654
88660
79596
80046
80036
82035
83507
90652
82301
77956
71022
89896
85300
88495
87927
88658
83132
82088
79841
82281
83784
84008
88770
89690
78212
90612
77725
91163
80996
78884
90226
80225
90795
87313
89307
78365
79846
83130
88878
88760
88471
90454
85574
87108
88152
78267
78808
89258
78008
88595
84726
79432
84977
88192
80114
88216
79488
81075
85331
84432
83706
79385
88520
81516
85477
89349
88557
71873
78187
90152
78499
80204
90846
85242
89225
83214
85445
78894
90312
79022
78452
78801
83457
80904
79000
88810
90529
85507
81425
88211
82263
90794
78246
88191
90123
85509
77945
90341
90366
90815
91297
90595
85453
88814
78991
87322
78833
85290
71820
79425
89371
71996
88208
88531
85506
90271
87535
91150
83893
89686
82554
70715
85329
87015
92378
78849
82317
85325
84754
90319
70952
82259
87785
84764
90442
85502
78092
88472
89338
79828
89335
87020
89538
88173
91102
81355
82657
70913
79867
88484
90657
87359
83690
82336
80989
82334
88555
82299
88468
88548
89980
88151
78174
70443
88642
79829
84137
80065
70699
84750
79338
80026
83881
86683
83258
92495
88643
80823
87319
81251
90372
80923
87338
92496
80819
88486
90631
84427
89370
82150
80675
88000
81270
82048
81940
88232
80213
89347
89688
78983
91221
87343
78456
81908
85501
79851
78522
80189
70919
80986
88172
89217
88573
82081
78249
83927
81905
85876
85523
78848
78282
91226
82244
83118
88546
89679
90504
89723
87091
78291
81924
82154
88277
81939
90531
90299
78185
84440
88584
88840
84974
80719
91370
82893
80894
78959
84616
85519
78839
87084
88804
86984
89865
83696
70918
82152
82166
84612
80072
87346
88171
89694
85328
80081
88147
80120
88813
92260
88221
83894
78351
90279
33121
80053
87335
80045
81428
88154
79178
87138
79849
88197
82241
79014
80950
88626
81511
78993
72730
90404
88908
79831
88686
91148
82513
79220
82249
80062
84740
89545
81903
78382
79856
89254
81361
89377
89560
77973
79151
88469
88628
76528
85490
91171
88071
82270
82902
80216
81982
82300
84435
84099
80917
81060
80506
90156
90201
89727
90355
85479
88622
78901
85520
90274
78169
83823
89736
83951
81608
88528
87663
81513
88784
78164
81258
88758
89315
84123
82318
89365
81607
91296
88441
92497
79374
85500
80787
85862
88157
90054
89893
73633
82260
79392
85504
78166
81371
82952
79970
90324
82153
88327
89539
82245
90621
84135
80276
89406
81415
90840
88146
82899
83522
78980
78236
82277
90091
85945
84448
79821
87887
88338
82330
80070
78178
90351
82247
90525
81937
78460
87167
78949
90648
88753
82651
90623
88669
88500
81995
78890
90625
78254
79908
91404
88426
90276
82149
75346
90400
90381
88652
90699
89895
80266
82797
84009
83680
78885
79906
85495
79847
82730
88588
81377
82377
83777
89683
88479
90309
88783
90765
83485
91167
71005
80044
83113
79815
87065
89569
89345
89550
79111
91223
70989
79395
91174
87877
71016
88615
78378
88624
85478
81067
84822
82242
82295
78277
90424
85243
86663
89300
89356
90360
82163
79347
88877
80035
80244
75158
87074
78988
88414
88447
79005
88203
90536
83764
78542
72060
88662
70955
78198
70657
81053
86334
78879
70950
85489
89929
78457
90373
78109
78809
81981
84333
78577
79857
78341
78216
86693
87327
83733
88671
88600
90437
90818
81932
80803
91737
79169
81891
87114
87086
89220
81028
79150
90354
81369
84430
90649
90225
91180
88150
82322
79822
80038
81517
78182
78349
87938
88370
78581
88610
82955
71017
88145
87152
80057
82953
81424
90939
79964
89346
82306
78895
88502
78218
82960
90342
90618
84728
90281
81477
88126
92508
79001
88625
80924
79426
78303
78167
78883
82327
89375
82056
88550
80121
78957
90200
88353
82331
89551
82046
82148
90280
70914
91176
87117
89948
70832
88560
84525
79499
79913
87800
89224
90696
86376
70614
90535
80190
88463
80258
87125
78990
87657
85503
90444
84345
89974
79837
84207
80794
78357
87914
83950
82907
79492
82042
88650
90514
79021
85284
90512
90350
78238
82047
89422
83451
90506
90629
87361
90705
70907
81231
81412
80129
88684
88579
80101
82262
80955
83165
78272
83006
81405
88763
87126
90844
88842
88876
78377
90391
87762
87328
92381
90539
79324
80243
88581
83126
90339
88137
88565
78595
91104
82053
83121
80928
90619
81342
82906
90843
87998
85283
89296
82344
82287
88556
78811
88139
78814
88592
81358
78379
88344
83946
77955
83519
90301
89268
88665
70805
90605
88689
78297
90679
79388
88450
80251
82289
88539
84831
78674
90559
81360
80912
90592
82954
88464
89378
80942
84651
70659
81998
88177
81254
78265
84334
80042
80080
89687
91095
90315
88448
80865
82066
85446
78417
88503
81902
88509
89350
80185
89934
79826
85527
83731
87082
83134
87076
78336
70943
78955
90661
92273
88683
82343
88452
88645
90458
85319
88583
84749
82034
88209
88780
91035
79839
79911
88640
81419
88135
84497
84049
87139
82896
87337
78589
78188
87320
78302
79842
80099
89301
83723
79346
83172
82342
90377
90497
82799
90329
90058
89940
80241
85302
81520
90414
82276
82910
90423
91300
84591
85292
90617
88189
80031
88535
88598
70842
84793
88349
84756
80079
82275
83515
82542
84439
81054
82091
70954
89369
85330
86680
78899
84004
70568
85327
86363
82297
89549
89179
80649
87078
89910
90323
87111
84204
87085
81604
85470
88681
88202
88449
90501
89399
82654
89343
78380
83022
90609
80249
81068
79893
78363
79980
85539
84337
91175
89358
80948
77949
78252
78446
88646
88290
79907
90409
80888
87070
90785
81467
85306
90604
78175
90841
90416
81048
70944
81631
78509
88836
90300
81935
82045
79982
87121
79808
79015
91220
78189
83771
81938
89219
91093
82894
88204
78251
80127
85524
90275
81896
88661
90583
77902
87173
84687
77868
88460
82557
81883
90702
90086
85493
70695
89341
87054
88533
83759
90317
79421
70850
82284
70939
72091
79396
81382
80896
83147
77957
88633
90302
90579
83972
82164
90971
87321
83681
84436
90457
88561
88582
90297
70816
79598
78812
80133
87120
90614
79973
92151
86687
81420
88476
87010
91069
88648
80913
81400
78989
84390
80562
86681
92010
83026
82958
79975
90581
85531
80033
78211
78902
88655
81885
92494
87014
87351
79026
80418
90585
84653
87107
90884
76679
88668
88971
82472
86332
78979
88651
82038
88558
88455
78331
80817
81364
78818
82085
80987
80922
88134
84738
89898
83167
70797
87709
88352
89867
89894
80193
78368
88614
84178
92379
90105
88596
78421
79224
83691
88772
84446
88692
88918
89897
81410
78105
88183
71273
89262
88351
78191
89960
83111
88086
82395
80954
90171
88482
87053
88001
90376
90542
88324
79491
87087
91140
88844
81241
82901
84538
79485
90447
87706
83548
81018
84437
88481
81383
82274
85875
88673
89556
90580
78290
77954
80671
89914
78250
91030
80953
88603
83704
83717
83589
78204
80277
90717
89643
82340
87350
80201
87757
89385
83003
79890
71831
90610
79004
85508
87756
88473
82800
80925
80196
90693
90792
84132
84824
84459
88127
81994
79487
81269
83233
89557
91087
79984
79985
91269
81059
79720
90316
83137
84058
90749
82795
88488
90215
80650
73453
80994
90839
74064
88541
89930
87050
89298
91298
88644
89227
82806
80132
89306
84733
81481
91225
70646
78385
87129
91144
84376
89259
70584
88906
80110
78572
79981
80957
90353
79032
91572
70485
91573
79819
84101
82664
87012
70638
79813
87147
89691
89952
71023
78996
87119
84145
79428
85334
80067
78847
82559
80245
78880
83763
78335
81886
82089
90697
88536
90349
80076
89372
78785
78213
89366
80915
77965
82254
90284
78361
80055
80783
82076
90433
88621
88845
81857
82320
78575
82798
79830
80197
81579
84523
82652
87340
91064
90720
86044
92107
84652
90443
78099
83123
78954
86510
89945
78835
88543
83124
87760
80264
78414
91025
90220
90099
87366
81264
90538
82558
83266
80229
88591
90059
90378
78338
91070
89273
84537
89548
78951
79482
80892
83891
90322
84488
71015
89689
82294
82315
88552
78281
86679
87696
80083
78334
90272
78453
79319
89376
86676
85483
78458
82007
85869
91097
80393
88617
88534
78090
80623
89639
78997
78371
84221
79823
81248
84798
84364
81368
86982
88513
80030
90505
89935
79900
79213
83021
88325
81899
88372
89884
89871
80078
80805
85473
90402
89521
90534
81373
89959
78582
88015
82309
90819
79211
83899
80815
88676
82037
80988
86684
84104
82256
74681
85322
91295
71020
90314
88781
78958
81309
82686
85485
88578
92100
83129
70778
88768
88225
86983
88816
91027
87106
85949
82948
91312
89364
78893
80720
90783
91034
79817
89695
90591
88553
84103
81475
81413
77888
87788
88510
85451
80914
79909
80851
88359
84392
84765
90254
79172
78237
78103
85287
85534
90438
90385
83786
85308
71031
87364
84833
90420
86331
88767
90267
84744
82648
81476
90434
89213
90616
80116
88551
82246
78590
70811
81062
90678
81895
84215
70691
90690
87061
86677
91230
89351
82984
81880
89696
90042
88148
88497
80399
80278
87796
88186
88577
88227
90455
90816
89189
82564
81312
81319
87141
78195
88201
85469
81448
79007
88641
89303
79031
89933
89182
78345
79214
85452
81617
88490
80584
78094
90582
90628
88843
78413
87966
88348
84107
88181
88179
88364
85324
89892
82882
80139
80192
88229
88569
82349
78220
90196
82248
87353
90362
78190
83116
89652
90637
78108
91107
89253
79978
78301
83013
88276
89229
90781
79493
78757
90624
90347
81909
84480
85872
88968
91222
78512
78369
84752
77939
81984
80218
87124
90033
88969
81247
88504
84237
88562
88214
85533
78994
84105
78097
88765
86675
82782
88200
84363
90337
78842
79602
87058
90310
81209
79825
78269
84760
88478
82044
80136
82304
78881
83732
87807
88158
81417
80103
82077
81471
89359
81585
79848
84368
82755
79177
82947
84172
89184
78256
74693
92387
73104
82285
87324
78356
36659
84225
88457
79184
87787
91071
82251
88174
88412
90647
78158
91299
82345
87769
88517
88807
79977
90603
88815
79863
80255
88466
82341
90346
80280
81884
85457
89263
90496
88493
85459
81261
88597
90399
84385
87064
78207
88538
78493
89230
84782
83778
82257
84426
80811
80032
79029
88529
88672
89373
89741
83689
79481
81353
87051
87339
90453
70996
89645
91132
90389
91301
91088
78887
87992
79979
81040
90371
88012
88055
92384
88812
83949
88079
84399
88688
78157
80224
70855
79525
90587
80651
78360
82561
84662
82316
88647
89552
74433
78091
78836
79974
82362
80272
89058
84746
90326
89950
79208
88350
89360
88675
84830
79011
79967
79353
82314
80631
88567
81427
89221
87013
85244
89737
81947
78971
91078
81770
90880
78219
81944
88140
82296
85468
81603
92490
81297
87348
71225
82537
90344
80250
88014
82950
85556
85498
81941
82155
81365
81017
89212
88156
80061
91109
81352
92500
90515
84052
89891
88664
80265
90831
80630
78248
81061
85881
88586
91306
74018
81910
81024
90379
82326
89308
87128
78247
84827
80135
79864
88530
79833
89900
89270
78598
91098
84388
88222
87356
88064
79600
88739
83707
88749
83017
85514
78992
84493
80903
80059
81058
79230
78897
80275
85456
90522
71026
89955
80210
85481
87407
80097
83740
88910
88632
82339
81376
87118
85433
82278
77912
80069
71029
92382
89265
81581
83010
80100
83122
82060
78952
85389
87122
89318
80949
91108
79824
88580
88499
79013
90439
80242
88515
90687
78813
90397
85289
80056
82378
81347
78160
78095
85136
77958
85488
84739
90331
79983
79718
89540
78571
90266
82957
87794
70486
88224
90879
80268
80889
78381
89678
82283
86692
78196
70592
88599
84142
78888
90698
79844
87355
80230
79810
84434
91066
87063
84778
88235
79910
88185
91094
89577
81421
84062
89232
80271
85464
89302
86333
81423
83275
88206
87113
90786
79363
85019
80117
81030
89269
88782
88454
90704
78173
86685
79818
83748
78217
85528
83278
85474
92377
80039
87140
82313
78231
81942
86549
87342
90448
88822
78276
88483
81478
89728
81366
82356
88066
83393
78295
79017
78186
85475
85586
84143
80240
78337
91304
80068
87995
85952
88593
88585
91235
80105
80864
80226
80820
90412
88542
82338
88138
88489
88619
79019
89316
85326
78579
85131
79807
80134
88069
89692
82290
80034
84359
85462
87795
77862
92230
90788
81422
81983
90513
91772
89357
78447
90820
91697
81367
80058
88085
84338
82751
77962
87897
81370
80235
85496
78227
90845
85969
79725
89231
88362
79012
82891
82372
85114
86418
82346
78843
89257
88989
78886
85305
84341
79246
89379
83981
78353
80237
82084
82325
87077
78985
78263
81071
84679
90265
80273
70660
72093
23098
80670
78346
84686
80043
80064
85532
72537
83766
89553
89572
80130
90821
91033
82665
90383
89868
89644
89183
79336
80198
82381
83525
80047
81934
88180
81462
83020
89958
84593
91308
85517
90540
70822
80274
90784
92388
78816
89735
79348
85441
90689
84374
90790
88677
88785
88219
90527
78374
88685
83998
72055
89397
88806
90332
88631
82040
85447
88470
85293
90094
71830
85647
82756
81907
81901
78329
80223
90358
90838
79969
84362
90390
90632
87019
88678
78206
71224
87127
83943
90374
88663
70717
88304
81904
82086
90327
78877
87212
90719
81480
82096
78208
85454
83965
91092
88178
81950
90368
88075
90308
88233
91100
88322
82093
78805
78261
89685
78366
78102
90273
82258
90695
80231
90688
82552
88563
80111
88366
88769
89314
86678
81605
88335
79971
78228
89368
88142
91307
88942
84829
70713
70676
87075
79968
88368
82298
78296
78588
89977
84518
89264
90622
88188
89218
83114
81430
85434
84433
85521
81888
90289
89942
87056
89260
87079
88477
90446
80945
90586
85551
88805
82292
85878
88611
88687
88084
80027
70946
81936
80239
81990
84832
78201
78974
82382
80124
78093
80283
81375
81514
85529
90602
87067
78995
78230
80138
84790
80029
89412
90576
83984
83973
82052
89938
90842
81521
80956
78882
82384
87758
79496
88967
81346
92380
88228
90016
70540
90298
82909
79033
82556
90589
84742
78257
84753
81482
83127
79020
87105
79836
80119
88691
85525
81066
79809
83775
87149
87341
78285
88629
78098
87090
88371
90511
88620
88128
84059
85522
88305
91103
90813
78342
90643
80715
80910
78462
78343
87144
87344
88674
82802
81613
53221
82151
84396
88809
79158
82156
89340
81766
83683
87049
78863
90445
78510
74384
79494
90707
84994
88526
82098
88465
89313
87081
88320
85518
87326
91309
82333
88067
87145
90370
87358
88630
83749
70714
89951
82041
88907
83008
78266
79427
85512
80234
84745
80825
80808
78819
92386
80810
91105
90651
81379
79726
85304
87103
88037
81411
87017
87770
90766
90450
88144
90608
82080
83480
85645
90885
90615
81472
84220
82392
81928
90577
79852
70818
91099
83685
71235
84516
81930
79148
87333
83613
90524
90606
88850
80104
90747
78804
81889
79027
81999
90683
85492
85526
88507
78100
88155
80286
88234
90590
80795
81618
88613
78210
79369
79236
88635
88808
78978
70987
90533
87330
89943
82351
91227
80883
79008
80123
79315
82852
88440
81385
85877
88521
84688
80267
79976
85014
88498
80248
79210
89395
84747
88432
78358
87109
78286
82308
82889
82883
84585
89337
89404
90419
81989
87763
90217
90411
81380
81357
92385
80199
78200
78807
90286
78463
91578
86424
78810
80228
90516
83019
90204
70823
70940
90518
80137
80943
89949
88754
79206
79597
85458
78587
90335
88506
90384
90503
81473
90403
79422
88458
90304
70732
90330
89693
87089
81096
81336
84173
80115
85480
82666
78304
90415
80669
89979
91721
78339
88774
90767
89932
82272
88589
87115
78891
78163
83117
80102
81510
81584
80233
91075
78837
91137
78815
78184
88525
90644
85874
79972
78209
84729
84441
90080
87168
90708
84445
79391
80884
85436
89561
89927
82884
78221
88358
82448
87104
87317
87357
89555
78298
87009
88357
80672
87792
80799
86523
75169
82515
85516
79854
81072
78192
79253
87052
89177
78096
87318
90650
81986
88176
71230
89874
81931
90295
80840
82329
82337
89729
87083
79966
79334
85497
79326
87365
88501
78171
82240
84369
90520
88451
76685
80109
81341
81997
81522
73684
87102
79490
82364
90601
87554
78202
86686
81943
85297
89681
80263
79161
90507
83539
78372
70868
79376
90203
79484
83024
80050
83447
78106
82264
87068
83971
81426
88292
85299
80125
70807
91101
84759
92504
89344
81256
82033
84133
79200
90334
88778
80098
74834
90396
89266
80048
82383
85482
88748
89261
83001
90716
91031
88198
87069
90418
88496
91229
82162
91106
81046
89311
88568
81988
82255
83782
78459
89677
88459
80816
80800
84431
89215
91091
88456
83005
88491
90530
91234
78161
78226
89297
79495
79803
87888
80844
88446
88011
88522
89188
70663
91224
79424
80918
82032
83125
90677
88587
87347
82094
88070
81946
80997
81468
75862
87142
88175
77866
90338
82092
82288
90575
90303
81416
91065
88182
78945
88168
89946
83948
89222
73522
80071
84397
78223
87791
84336
89906
90235
82253
82293
79986
81980
84210
82168
88572
89968
89363
81894
79820
80254
88634
71018
87101
84138
78288
81043
78970
88508
90764
90352
89255
91303
90270
71014
78299
82083
83824
78455
82286
85536
80202
84141
88974
78344
83229
79018
83986
80850
80895
84872
80771
84705
78981
88901
78362
78972
88623
81372
88549
81362
88170
82335
89554
83658
87823
88355
85261
70746
89559
78183
79853
78465
79006
88616
90421
88537
78073
79850
89304
89873
79811
78352
86689
74704
90456
83908
78101
88213
89355
87666
80200
82087
82332
78370
82075
87143
79156
80269
82900
89869
87123
70754
85550
89993
90452
82050
87824
78235
82279
78947
82328
79865
84102
83277
89889
78245
87080
58033
79838
79717
83543
82881
78306
88480
88462
70951
79023
83109
79341
86691
90237
85870
82079
71019
90283
83220
88442
85333
88575
55165
89640
81250
83139
85307
88976
86682
82949
84755
90508
79219
85871
90375
88612
91074
78557
90269
85461
88190
84611
90613
88545
90313
87323
80309
85555
72059
83025
88576
81993
90599
84727
88166
88360
90224
87999
81996
88018
89312
89339
91142
79218
80184
78373
88230
88752
92383
91582
82051
89680
79483
82350
85035
82792
83112
88218
88837
71010
82159
85972
88527
83714
79816
88524
88365
81438
79390
84702
82482
78232
87016
82758
88841
80084
89915
80946
80984
84339
80186
85443
90401
84821
89178
83011
83585
90906
81260
90407
84438
90387
79832
90282
88220
79716
88159
82095
87088
84713
90392
82291
78844
85505
89937
90422
78461
90593
82059
77966
84013
85951
89543
78154
90035
89353
90578
88367
90413
87881
89305
81892
87329
88574
88169
87148
71006
78104
78450
88153
88649
90630
85494
84222
84619
81859
89541
81512
87066
80893
78340
87150
88547
84805
87060
87062
88231
90440
81073
78953
89961
90509
78225
83907
80944
87613
88518
88291
78977
89362
84086
91028
87021
70731
90321
81020
87092
83686
90789
86337
85947
89216
80622
87360
81616
89579
78137
81979
90356
80911
82357
87116
90620
87325
78270
88444
88453
88199
81374
84694
89880
71021
88485
90320
82897
88323
88570
51950
88682
84335
82063
79034
80054
85321
78287
88680
89361
90340
89739
70812
90386
78423
78803
85467
88461
83176
90653
88984
92491
88750
90694
71467
89310
82049
87112
85320
80128
91026
85113
77967
85463
80041
80227
89271
82142
84378
89374
83895
81414
78241
85948
90045
79840
81026
88608
88077
80824
90721
90787
91231
81933
89995
88659
91579
79430
85323
77963
91233
81345
82305
79685
89187
82273
81378
81897
89547
90882
90268
87607
89567
82302
88467
78449
79723
81065
88670
90588
71030
81949
88131
88564
80828
81881
79497
88445
81948
88835
78944
90119
80028
80963
90380
90230
78508
91210
87997
91458
78224
88512
83023
86650
80188
89684
88516
91162
85491
84372
89877
90306
86336
84656
80126
90311
89223
78239
82724
79965
81074
82959
91373
88654
82905
87332
86690
87018
88132
85169
82312
88594
89544
89563
70851
90594
91310
91076
85530
81245
78504
78292
88013
90199
78244
87661
90451
91468
82269
83128
89317
88638
79845
83458
79827
90692
91004
80916
83136
91888
74698
82636
82303
78454
88130
87057
84622
78233
88667
88133
86541
70633
90700
88679
89234
88544
80246
91072
89682
90207
90709
90318
78355
91146
72063
82280
88129
89939
91232
89721
90528
78181
90498
88609
79843
70958
80855
87354
90584
82904
77970
85109
85450
90600
88771
88566
80194
81893
81945
84373
80205
83391
85034
81064
79555
81518
87362
90285
81055
82519
90718
70917
82161
90278
80919
78982
90333
83710
89295
87336
90780
87022
91068
70561
88571
89947
90359
78107
83232
79205
82271
85535
85448
91143
83716
90307
83014
81429
88187
90394
78840
81606
83947
78946
85476
87754
88523
90607
78411
81515
78984
79002
70938
78892
90395
85538
81340
82243
84370
87662
82250
90382
88838
88690
89875
90701
80040
88212
81246
89732
88751
85332
90763
77948
87146
88422
88443
89272
89299
90277
83817
88487
81486
89309
81202
82310
84930
88757
70692
90441
88540
78215
83932
81418
81025
81900
88618
79393
82261
81044
80256
80941
